612       1960    4098   80.2    17.2     5.0     2.2     0.8     0.3     0.2    0.97
612       1965    4215   88.0     9.8     3.2     1.7     0.7     0.4     0.3    0.65
612       1970    4681   84.4    13.0     4.4     2.2     1.1     0.3     0.2    0.82
612       1975    5424   79.8    16.9     5.8     2.6     1.3     0.6     0.4    1.08
612       1980    6361   71.6    23.6     8.1     3.5     1.9     1.2     0.8    1.55
612       1985    7716   63.8    28.6     9.8     5.4     2.9     2.2     1.5    2.14
612       1990    9337   53.7    33.5    11.5     9.3     5.2     3.5     2.3    3.01
612       1995   11201   45.8    34.8    12.0    14.2     7.9     5.2     3.5    3.91
612       2000   13373   39.3    34.8    12.0    19.6    10.9     6.3     4.2    4.72
419       1960     59    83.0     8.0     4.4     5.7     2.8     3.3     1.5    1.37
419       1965     62    82.1     9.0     6.1     6.2     3.0     2.7     1.3    1.42
419       1970     79    77.4     9.7     4.2     9.2     4.5     3.8     1.8    1.82
419       1975     91    68.3    13.2     5.0    15.3     7.5     3.2     1.5    2.44
419       1980    153    60.1    14.5     5.2    22.4    10.9     3.0     1.4    3.12
419       1985    216    49.0    22.2     7.7    25.5    12.4     3.4     1.6    3.78
419       1990    256    38.4    26.2     9.1    25.1    12.2    10.3     4.9    4.87
419       1995    301    33.6    23.9     8.3    31.0    15.1    11.5     5.4    5.57
419       2000    336    30.3    21.7     7.5    35.6    17.3    12.5     5.9    6.09
423       1960    269    28.9    56.8    33.8    13.0     6.3     1.4     0.9    4.29
423       1965    275    24.7    58.4    31.3    15.6     7.6     1.3     0.9    4.53
423       1970    316    21.5    57.9    31.1    19.3     9.4     1.2     0.8    4.88
423       1975    326    13.0    53.0    28.8    25.0    12.2     9.0     6.0    6.45
423       1980    356    12.7    51.9    29.3    27.5    13.4     7.9     5.3    6.53
423       1985    381     6.0    46.0    28.7    34.0    16.6    14.0     9.3    7.95
423       1990    417     5.1    43.6    30.6    34.2    16.7    17.0    11.3    8.41
423       1995    445     5.3    39.6    27.8    38.3    18.7    16.8    11.2    8.60
423       2000    469     6.1    35.3    24.8    41.6    20.3    17.1    11.4    8.77
469       1960   10418     .       .       .       .       .      0.8     0.7      .
469       1965   11617     .       .       .       .       .      1.5     1.3      .
469       1970   12906     .       .       .       .       .      2.3     2.1      .
469       1975   14126   86.3     4.7     1.6     5.7     2.8     3.4     3.0    1.32
469       1980   16405   73.9    12.5     4.2     8.0     3.9     5.5     4.9    2.21
469       1985   20514   64.1    16.5     5.5    14.8     7.2     4.6     4.0    2.93
469       1990   23609   58.4    17.9     6.0    16.6     8.1     7.1     6.3    3.57
469       1995   27339   52.1    19.0     6.4    20.1     9.8     8.7     7.7    4.24
469       2000   30969   46.1    17.8     6.0    25.4    12.4    10.7     9.4    5.05
429       1960    7324   90.1     7.6     4.5     1.9     1.0     0.5     0.3    0.63
429       1965    8427   88.5     7.2     4.3     3.4     1.8     0.9     0.6    0.84
429       1970    9749   85.9     8.7     3.8     4.4     2.4     1.0     0.7    1.00
429       1975   11244   80.7     9.8     3.7     8.0     4.5     1.5     1.0    1.49
429       1980   13848   75.5    11.9     4.3    10.4     5.8     2.2     1.5    1.93
429       1985   17354   66.8    15.1     5.3    15.5     8.8     2.6     1.7    2.67
429       1990   21241   56.5    21.4     7.4    19.1    10.9     2.9     1.9    3.36
429       1995   24900   49.4    25.1     8.7    21.3    12.2     4.3     2.9    3.98
429       2000   28007   40.7    29.8    10.3    22.8    13.0     6.7     4.5    4.66
433       1960    2365   97.8     0.6     0.2     0.9     0.4     0.7     0.5    0.21
433       1965    2738   94.9     2.5     0.8     1.7     0.8     0.9     0.6    0.40
433       1970    3198   90.0     5.2     1.7     3.3     1.6     1.6     1.1    0.76
433       1975    3771   81.3    10.8     3.6     5.6     2.7     2.3     1.6    1.33
433       1980    4525   72.9    17.2     5.8     6.1     3.0     3.7     2.5    1.83
433       1985    5375   67.2    19.2     6.4     8.7     4.3     4.9     3.3    2.34
433       1990    6435   57.3    22.4     7.5    14.1     6.9     6.3     4.2    3.20
433       1995    7463   45.2    30.3    10.1    16.6     8.1     7.9     5.2    4.00
433       2000    9005   40.1    33.7    11.3    17.7     8.6     8.6     5.7    4.34
436       1960    1037   19.1    43.1    18.1    27.9    13.6     9.9     4.7    6.99
436       1965    1229   20.7    42.7    15.9    26.7    13.0     9.9     4.7    6.76
436       1970    1396   17.0    37.0    13.1    31.3    15.3    14.8     7.0    7.65
436       1975    1663   12.0    43.3    15.1    29.0    14.2    15.7     7.4    7.86
436       1980    1923    9.7    30.6    10.6    36.6    17.8    23.1    10.9    9.11
436       1985    2141   11.6    29.4    10.1    35.0    17.1    24.0    11.3    9.01
436       1990    2383   12.7    27.7     9.5    34.2    16.7    25.3    11.9    9.03
436       1995    3010   13.5    26.4     9.1    33.6    16.4    26.5    12.4    9.06
436       2000    3335   13.7    24.6     8.5    33.2    16.2    28.6    13.4    9.23
439       1960    604    79.6    13.0     7.2     6.5     2.8     0.8     0.5    1.40
439       1965    692    74.3    16.4     7.0     8.5     3.7     0.8     0.5    1.70
439       1970    808    64.0    23.7     8.9    11.3     5.0     1.0     0.6    2.29
439       1975    905    56.3    26.6     9.5    15.8     7.2     1.2     0.8    2.91
439       1980    912    66.1    14.5     5.1    12.7     6.1     6.7     4.1    2.93
439       1985    1217   55.4    19.5     6.7    14.1     7.2    11.0     6.7    3.94
439       1990    1426   45.7    17.7     6.1    19.2    10.2    17.4    10.6    5.39
439       1995    1926   36.4    18.3     6.3    26.1    13.9    19.1    11.7    6.42
439       2000    2380   29.5    16.3     5.6    33.3    17.7    20.9    12.8    7.37
443       1960    122    56.0    28.9    12.6    10.3     4.8     4.9     3.3    2.59
443       1965    194    49.3    39.2    14.6     8.1     4.0     3.4     2.3    2.41
443       1970    285    50.4    30.9     6.3    14.1     7.5     4.6     3.1    2.88
443       1975    382    67.3     8.8     2.5    17.3    10.2     6.6     4.4    3.03
443       1980    574    58.0     7.6     2.5    24.4    14.8    10.1     6.7    4.29
443       1985    785    50.3     7.2     2.4    29.7    19.0    12.7     8.5    5.28
443       1990    989    43.0     8.3     2.8    35.1    21.8    13.6     9.1    5.99
443       1995    638    36.4    10.3     3.5    39.4    24.5    13.9     9.3    6.54
443       2000    814    31.1    12.1     4.1    41.1    25.6    15.8    10.5    7.05
672       1965    624    84.0    14.5     1.3     1.3     0.4     0.2     0.1    0.63
672       1975    864    72.7    22.3     3.5     4.0     2.1     1.0     0.7    1.35
672       1985    1347   59.7    23.9     8.5    13.7     8.5     2.7     1.8    2.87
181       1960    156    22.0    58.0    21.6    17.6     8.6     2.4     1.6    5.64
181       1965    156    22.9    58.2    11.7    16.6     8.1     2.4     1.6    5.13
181       1970    168    23.4    57.4    16.6    16.4     8.0     2.8     1.8    5.34
181       1975    192    23.5    56.2    18.1    17.0     8.3     3.2     2.2    5.50
181       1980    216    23.1    52.2    17.5    21.2    10.3     3.5     2.3    5.84
181       1985    210    21.6    46.9    16.0    28.1    13.7     3.4     2.3    6.46
181       1990    221    19.8    44.6    15.3    31.9    15.5     3.7     2.5    6.77
181       1995    231    18.0    42.5    14.6    34.9    17.0     4.7     3.1    7.12
181       2000    242    17.2    38.6    13.2    37.7    18.4     6.5     4.3    7.57
463       1960    1709   76.5    21.3     3.0     1.8     0.9     0.5     0.3    0.99
463       1965    1805   72.6    23.7     6.3     2.7     1.3     1.1     0.7    1.34
463       1970    2122   68.6    25.9     8.1     4.3     2.1     1.3     0.9    1.67
463       1975    2402   63.6    27.5     9.1     6.2     3.0     2.7     1.8    2.17
463       1980    2795   56.6    29.7    10.1     9.0     4.4     4.7     3.1    2.86
463       1985    3231   50.9    30.5    10.4    11.1     5.4     7.5     5.0    3.54
463       1990    3933   41.9    34.3    11.8    13.9     6.8     9.8     6.6    4.35
463       1995    4813   33.6    36.0    12.3    18.7     9.1    11.8     7.9    5.21
463       2000    5854   26.8    39.7    13.6    20.4     9.9    13.1     8.8    5.74
744       1960    1706   92.1     5.1     1.7     2.1     0.9     0.7     0.6    0.54
744       1965    1797   89.1     7.1     2.4     3.0     1.4     0.7     0.6    0.71
744       1970    1851   85.8     9.5     3.2     3.8     1.8     0.9     0.8    0.91
744       1975    2034   82.7     9.7     3.2     6.4     3.2     1.2     1.1    1.25
744       1980    2369   72.1    17.2     5.8     8.9     4.8     1.8     1.6    1.92
744       1985    2845   66.3    18.9     6.3    12.0     6.6     2.8     2.5    2.48
744       1990    3381   56.8    26.5     8.9    13.3     7.5     3.4     3.0    3.02
744       1995    3994   49.2    31.0    10.4    15.4     8.7     4.4     3.9    3.58
744       2000    4639   41.2    35.7    11.9    17.2     9.6     5.9     5.3    4.20
466       1975    260    72.2     5.2     1.7    16.7     8.1     6.0     4.0    2.88
638       1960    939      .       .       .      1.8     0.5     0.3     0.2      .
638       1965    970      .       .       .      1.7     0.5     0.2     0.2      .
638       1970    1031   96.4     1.7     0.4     1.7     0.5     0.2     0.2    0.29
638       1975    1124   93.0     5.0     1.2     1.9     0.6     0.2     0.1    0.45
638       1980    1245   89.2     8.3     1.9     2.2     0.8     0.3     0.2    0.65
638       1985    1404   85.4    11.1     2.6     2.9     0.8     0.6     0.4    0.89
638       1990    1605   78.5    10.8     2.5     8.2     1.8     1.3     1.0    1.56
638       1995    1847   72.4    17.2     4.0     8.8     2.0     1.6     1.2    1.95
638       2000    2128   68.3    21.9     5.1     8.0     1.8     1.8     1.4    2.10
616       1960    157    71.4    25.4     6.4     3.0     0.7     0.3     0.2    1.46
616       1965    174    72.7    24.6     5.1     2.4     0.6     0.2     0.2    1.32
616       1970    188    70.5    26.4     2.1     2.4     0.6     0.6     0.5    1.34
616       1975    227    67.7    29.3     8.3     2.5     0.8     0.5     0.4    1.66
616       1980    309    54.7    40.5     9.4     4.4     1.3     0.5     0.4    2.29
616       1985    347    50.0    42.5    18.1     6.8     2.2     0.7     0.6    2.95
616       1990    440    42.8    39.7    22.5    13.7     3.9     3.7     2.9    4.20
616       1995    540    36.0    44.2    25.0    16.3     4.6     3.6     2.8    4.70
616       2000    653    28.8    46.5    26.3    20.8     5.9     3.9     3.1    5.35
618       1990    1952   75.4    19.9     4.6     2.5     0.7     0.6     0.5    1.23
622       1960    2193   75.8    17.7     4.1     6.2     1.7     0.3     0.2    1.37
622       1965    2399   76.7    17.9     4.2     5.2     1.4     0.2     0.2    1.26
622       1970    2639   75.8    19.5     4.5     4.5     1.2     0.3     0.2    1.25
622       1975    2917   71.3    24.0     5.6     4.4     1.2     0.3     0.2    1.41
622       1980    3249   63.7    31.4     7.3     4.5     1.2     0.5     0.3    1.73
622       1985    3668   58.0    35.8     8.3     5.5     1.5     0.7     0.5    2.03
622       1990    4195   52.1    39.9     9.3     7.0     1.9     1.0     0.6    2.39
622       1995    4817   47.2    42.8     9.9     8.6     2.4     1.4     1.0    2.75
622       2000    5610   42.4    44.4    10.3    11.2     3.1     1.9     1.3    3.17
626       1960    674    94.1     3.8     0.9     1.8     0.5     0.3     0.3    0.39
626       1965    722    93.6     4.5     1.1     1.6     0.4     0.3     0.2    0.38
626       1970    776    92.5     5.8     1.3     1.5     0.4     0.2     0.2    0.41
626       1975    840    89.9     8.5     2.0     1.5     0.4     0.2     0.2    0.51
626       1980    928    84.4    13.6     3.2     1.8     0.5     0.2     0.2    0.74
626       1985    1031   78.8    18.4     4.3     2.5     0.7     0.4     0.3    1.01
626       1990    1147   70.7    19.5     4.5     7.3     2.0     2.0     1.6    1.84
626       1995    1278   67.5    23.0     5.4     7.6     2.1     1.9     1.5    1.99
626       2000    1427   63.8    26.9     6.2     7.5     2.1     1.8     1.4    2.11
634       1960    399      .       .       .     15.9     4.2     3.1     2.4      .
634       1965    440      .       .       .     13.2     3.5     2.6     2.1      .
634       1970    488      .       .       .     11.2     3.1     2.4     1.8      .
634       1975    543    76.4    11.0     3.3    10.3     3.0     2.3     1.8    1.93
634       1980    612    65.0    21.7     7.0    11.0     3.5     2.4     1.9    2.45
634       1985    694    58.8    21.5     8.5    16.9     5.9     3.0     2.3    3.26
634       1990    798    52.3    20.7     5.8    23.4     6.4     3.7     2.9    3.93
634       1995    912    52.6    15.5     4.3    27.9     7.6     4.0     3.1    4.27
634       2000    1036   47.9    17.3     4.8    30.4     8.3     4.4     3.5    4.68
644       1995     .     80.1     7.8     1.5     5.5     3.4     1.0     0.8    1.15
648       1960    146      .       .       .      3.3     0.9     0.4     0.3      .
648       1965    166      .       .       .      3.1     0.8     0.3     0.2      .
648       1970    192      .       .       .      3.1     0.8     0.2     0.2      .
648       1975    221    94.9     1.3     0.5     3.6     1.0     0.2     0.2    0.50
648       1980    255    92.5     3.2     0.9     4.2     0.9     0.2     0.1    0.63
648       1985    291    90.0     4.6     1.1     5.3     1.0     0.1     0.1    0.79
648       1990    364    86.1     7.0     1.5     6.7     1.0     0.1     0.1    1.02
648       1995    449    79.7    10.8     2.3     9.4     1.5     0.1     0.1    1.43
648       2000    527    71.6    17.4     3.7    10.6     1.7     0.4     0.3    1.86
652       1960    2406   86.2    12.1     2.8     1.1     0.3     0.7     0.5    0.69
652       1965    2768   82.7    14.7     3.4     2.0     0.4     0.6     0.5    0.87
652       1970    3042   77.7     5.8     1.3    16.1     3.3     0.4     0.3    2.03
652       1975    3474   74.7     9.6     2.2    15.2     2.6     0.5     0.4    2.07
652       1980    3816   66.1    18.7     4.3    14.6     2.2     0.6     0.5    2.35
652       1985    4561   60.2    20.1     4.7    19.0     2.5     0.8     0.6    2.87
652       1990    5347   54.0    22.8     5.3    22.4     2.6     0.9     0.7    3.34
652       1995    6250   48.8    24.8     5.8    25.4     3.0     1.0     0.8    3.75
652       2000    7343   46.2    25.1     5.8    27.6     3.3     1.1     0.9    4.01
664       1960    3215   77.3    20.4     6.1     2.0     0.4     0.3     0.2    1.20
664       1965    3556   77.6    20.3     6.7     1.8     0.3     0.3     0.2    1.19
664       1970    3897   75.9    20.5     8.6     3.1     0.3     0.5     0.4    1.45
664       1975    4437   71.9    24.4     7.0     3.1     0.3     0.6     0.5    1.54
664       1980    5202   58.6    32.2     7.6     8.6     0.8     0.6     0.5    2.46
664       1985    6187   55.6    37.8     8.2     5.9     0.5     0.7     0.5    2.38
664       1990    7406   45.4    45.5     9.5     8.3     0.8     0.8     0.6    2.98
664       1995    8941   37.3    51.2    10.7    10.5     1.0     1.0     0.8    3.50
664       2000   10485   32.8    51.6    10.8    14.3     1.3     1.2     1.0    3.99
666       1960    351    40.4    57.9    15.8     1.6     0.4     0.1     0.1    3.14
666       1965    389    41.1    57.2    14.9     1.6     0.4     0.1     0.1    3.09
666       1970    428    40.7    57.3    13.2     1.8     0.5     0.1     0.1    3.05
666       1975    475    34.3    61.1     9.1     4.6     1.3     0.1     0.1    3.36
666       1980    530    32.6    62.4    11.4     4.9     1.3     0.2     0.2    3.54
666       1985    613    32.2    61.5    12.1     5.9     1.6     0.5     0.5    3.70
666       1990    696    26.5    65.4    13.2     7.5     2.1     0.6     0.6    4.12
666       1995    795    25.1    64.4    13.0     9.7     2.7     0.7     0.7    4.25
666       2000    917    22.6    64.3    12.9    12.1     3.3     1.0     1.0    4.47
668       1960    413    92.3     5.0     2.9     1.7     0.6     1.0     0.7    0.56
668       1965    473    89.3     8.1     2.6     1.6     0.6     0.9     0.7    0.63
668       1970    540    85.9    11.7     3.8     1.6     0.7     0.8     0.6    0.76
668       1975    618    87.1     3.8     1.2     7.5     3.9     1.5     1.1    1.17
668       1980    701    82.9     8.1     2.0     7.5     2.9     1.6     1.1    1.31
668       1985    806    76.7    13.1     2.9     8.6     2.6     1.7     1.2    1.59
668       1990    929    70.4    17.2     3.6    10.6     2.5     1.9     1.4    1.94
668       1995    1078   62.8    24.1     5.1    10.9     2.6     2.2     1.6    2.27
668       2000    1256   63.1    24.1     5.1    10.2     2.4     2.6     1.9    2.26
676       1960    1237   67.1    32.5     8.8     0.4     0.1     0.0     0.0    1.70
676       1965    1382   67.5    32.1     8.2     0.4     0.1     0.0     0.0    1.66
676       1970    1557   68.0    31.5     6.8     0.5     0.2     0.0     0.0    1.60
676       1975    1800   55.4    42.0     4.7     2.5     1.0     0.2     0.2    2.22
676       1980    2099   56.9    40.4    11.0     2.4     1.0     0.3     0.3    2.41
676       1985    2468   55.0    39.8     8.0     4.8     2.1     0.4     0.4    2.60
676       1990    3208   54.6    40.5     8.2     4.5     1.5     0.4     0.4    2.58
676       1995    3821   53.5    41.8     8.5     4.2     1.4     0.5     0.5    2.60
676       2000    4154   53.6    41.9     8.5     4.0     1.3     0.6     0.6    2.58
678       1960    1599   96.9     2.6     0.7     0.2     0.1     0.3     0.2    0.17
678       1965    1785   96.6     2.9     0.8     0.2     0.1     0.3     0.2    0.17
678       1970    1949   96.1     3.4     0.9     0.3     0.1     0.2     0.2    0.19
678       1975    2152   95.4     3.8     0.8     0.6     0.2     0.2     0.2    0.23
678       1980    2328   92.7     5.9     1.2     1.1     0.3     0.3     0.2    0.37
678       1985    2676   90.8     7.0     1.4     2.0     0.5     0.3     0.2    0.49
678       1990    3109   88.8     8.3     1.7     2.5     0.7     0.4     0.3    0.61
678       1995    3630   87.4     9.3     1.9     2.8     0.8     0.5     0.4    0.69
678       2000    4239   86.4    10.0     2.0     3.1     0.8     0.6     0.5    0.76
682       1990    732    60.8    34.1     7.9     3.8     1.1     1.3     1.0    1.94
684       1960    228    47.6    44.4    10.3     6.7     2.0     1.3     0.5    2.44
684       1965    260    41.2    49.7    16.9     7.9     2.6     1.1     0.5    2.89
684       1970    300    36.0    50.9    18.3    11.9     4.2     1.2     0.5    3.36
684       1975    354    30.3    54.4    16.4    13.9     5.7     1.5     0.6    3.65
684       1980    354    23.9    52.0    14.8    20.6    10.0     3.6     1.5    4.50
684       1985    475    21.1    52.3    12.8    23.6    14.1     3.1     1.3    4.73
684       1990    544    18.3    48.7     6.1    31.1    23.9     1.9     0.8    5.15
684       1995    602    16.4    48.9     6.1    32.5    25.0     2.2     0.9    5.34
684       2000    653    14.2    49.5     6.2    33.6    25.8     2.7     1.2    5.55
688       1960    2963   90.9     8.1     1.9     0.6     0.2     0.1     0.0    0.26
688       1965    3287   89.4     9.9     2.3     0.6     0.2     0.0     0.0    0.31
688       1970    3651   86.6    12.6     2.9     0.8     0.2     0.1     0.0    0.39
688       1975    4010   82.7    16.2     3.8     1.0     0.3     0.1     0.1    0.50
688       1980    4577   81.0    18.1     4.2     0.8     0.2     0.1     0.1    0.53
688       1985    5071   78.2    20.6     4.8     1.1     0.3     0.1     0.1    0.61
688       1990    5265   70.3    27.9     6.5     1.6     0.5     0.1     0.1    0.84
688       1995    5874   65.6    31.9     7.4     2.4     0.7     0.1     0.1    1.01
688       2000    6890   59.8    37.1     8.6     3.0     0.8     0.2     0.1    1.19
728       1960    322      .       .       .       .       .      2.1     1.6      .
728       1990    515      .       .       .     43.8    12.1     4.0     3.1      .
692       1960    1095   95.0     4.7     1.1     0.3     0.1     0.0     0.0    0.20
692       1965    1308   95.7     4.1     0.9     0.2     0.1     0.0     0.0    0.17
692       1970    1463   96.3     3.5     0.8     0.3     0.1     0.0     0.0    0.16
692       1975    1650   91.0     8.4     2.0     0.4     0.1     0.2     0.2    0.39
692       1980    1914   91.1     8.2     1.9     0.5     0.1     0.2     0.1    0.39
692       1985    2240   90.6     8.5     2.0     0.7     0.2     0.2     0.2    0.42
692       1990    2587   88.9     9.4     2.2     1.4     0.4     0.3     0.2    0.55
692       1995    3006   86.3    11.3     2.6     2.0     0.5     0.4     0.3    0.69
692       2000    3514   84.2    12.9     3.0     2.4     0.7     0.5     0.4    0.82
696       1955    114    57.5      .       .       .       .       .       .       .
696       1965    145    46.5    45.4    12.4     7.6     2.6     0.5     0.4    2.28
714       1960    972      .       .       .      2.6     0.7     0.5     0.4      .
714       1965    1116     .       .       .      2.3     0.6     0.4     0.3      .
714       1970    1289   86.9    10.6     2.8     2.2     0.6     0.3     0.3    0.76
714       1975    1486   81.6    16.1     4.0     2.1     0.6     0.3     0.3    0.98
714       1980    1692   77.0    20.8     4.0     2.0     0.6     0.3     0.3    1.13
714       1985    1959   71.9    25.9     5.2     1.9     0.5     0.3     0.3    1.35
714       1990    2296   68.4    29.5     6.0     1.8     0.5     0.3     0.3    1.49
714       1995    2662   62.0    35.9     7.3     1.7     0.5     0.4     0.3    1.76
714       2000    3091   57.8    38.9     7.9     2.8     0.8     0.5     0.4    2.03
722       1960    1219   63.1    34.1     7.9     2.2     0.6     0.6     0.5    1.60
722       1965    1361   68.8    28.6     6.6     2.0     0.5     0.6     0.5    1.37
722       1970    1533   72.6    24.8     5.8     1.9     0.5     0.7     0.5    1.24
722       1975    1739   56.0    40.8     9.5     2.5     0.7     0.8     0.6    1.91
722       1980    1979   58.3    37.3     8.7     3.4     0.9     1.0     0.8    1.92
722       1985    2270   60.1    34.6     8.0     3.9     1.1     1.4     1.1    1.93
722       1990    2607   61.1    32.7     7.6     4.5     1.3     1.6     1.3    1.97
722       1995    2977   61.2    31.7     7.4     5.2     1.4     1.9     1.5    2.05
722       2000    3457   59.7    31.8     7.4     6.4     1.8     2.2     1.7    2.23
718       1960     .     41.7    52.1    29.5     5.5     1.9     0.7     0.5    3.11
718       1970     .     28.3    56.0    21.5    13.2     5.9     2.6     2.0    4.09
718       1985     .     12.1    44.9     9.6    35.7     7.7     4.6     3.6    5.79
724       1960    924    94.4     3.3     2.9     2.0     0.9     0.3     0.2    0.53
724       1965    990    93.7     4.1     1.9     1.9     0.7     0.3     0.2    0.50
724       1970    1062   92.7     5.2     1.6     1.8     0.5     0.3     0.2    0.52
724       1975    1148   90.4     7.0     1.7     2.2     0.5     0.3     0.3    0.64
724       1980    1253   87.6     9.0     2.0     3.0     0.5     0.4     0.3    0.83
724       1985    1360   84.4    11.0     2.3     4.1     0.6     0.5     0.4    1.05
724       1990    1498   81.0    13.1     2.7     5.2     0.7     0.7     0.6    1.32
724       1995    1668   77.2    14.9     3.1     7.1     1.0     0.8     0.7    1.65
724       2000    1876   71.3    19.6     4.1     8.1     1.1     1.0     0.8    1.99
199       1960    7156   49.5    23.3    14.2    27.2     7.1     0.0     0.0    4.08
199       1965    7973   48.0    27.4     7.7    24.0     6.5     0.6     0.4    3.76
199       1970    9007   42.1    26.7     5.3    27.4     6.7     3.7     2.9    4.47
199       1975   10212   41.7    30.7     8.6    23.8     7.1     3.8     3.0    4.41
199       1980   11664   31.2    40.3    11.3    27.1     8.7     1.4     1.1    4.82
199       1985   13473   24.4    46.6    13.1    26.7     9.6     2.3     1.8    5.22
199       1990   15834   25.9    47.2    13.3    23.1     9.5     3.8     2.9    5.14
199       1995   17956   13.0    24.0     6.9    52.4    25.7     8.8     6.9    8.07
199       2000   20577   16.4    25.7     7.4    47.5    23.3    10.4     8.1    7.87
732       1960    4096   90.4     8.9     1.9     0.7     0.2     0.0     0.0    0.29
732       1965    4517   89.6     9.8     2.0     0.6     0.2     0.1     0.1    0.31
732       1970    5056   88.7    10.2     2.1     0.9     0.3     0.2     0.2    0.37
732       1975    5840   86.0    12.3     2.5     1.2     0.5     0.4     0.3    0.48
732       1980    6763   83.1    14.2     2.9     2.0     0.9     0.6     0.5    0.64
732       1985    7749   76.7    18.6     3.8     3.9     2.0     0.8     0.6    0.95
732       1990    8901   72.0    21.2     4.3     5.8     2.2     1.0     0.8    1.26
732       1995   10257   67.6    23.3     4.8     7.6     3.0     1.4     1.1    1.62
732       2000   11889   64.1    24.5     5.0     9.5     3.7     2.0     1.5    1.91
734       1960    122    72.8    20.4     5.5     6.3     2.2     0.5     0.4    1.79
734       1965    137    73.1    20.9     5.3     5.6     2.2     0.4     0.3    1.71
734       1970    153    71.5    22.8     6.9     5.4     1.8     0.3     0.3    1.82
734       1975    171    53.6    34.6     9.2    11.4     3.5     0.4     0.3    3.02
734       1980    199    49.8    42.2    13.4     7.2     2.5     0.8     0.6    3.12
734       1985    213    42.0    34.5    10.5    19.5     6.3     3.3     2.6    4.39
734       1990    249    35.1    38.8     9.4    22.5     5.7     3.5     2.8    4.85
734       1995    301    28.4    42.2    10.3    25.8     6.5     3.7     2.9    5.38
734       2000    368    25.3    42.1    10.2    28.4     7.2     4.2     3.3    5.73
742       1960    591    93.5     5.6     1.6     0.8     0.2     0.1     0.1    0.32
742       1965    626    91.9     7.2     2.2     0.8     0.2     0.1     0.1    0.38
742       1970    765    89.8     9.1     3.3     0.9     0.2     0.1     0.1    0.48
742       1975    852    86.2    12.3     3.3     1.4     0.3     0.2     0.1    0.64
742       1980    962    76.5    13.5     3.1     8.7     1.4     1.3     1.0    1.62
742       1985    1099   71.9    16.9     3.6     9.7     1.3     1.5     1.2    1.87
742       1990    1267   63.5    22.9     4.8    12.1     1.5     1.6     1.2    2.34
742       1995    1469   55.0    31.2     6.5    12.0     1.5     1.8     1.4    2.67
742       2000    1710   51.6    34.3     7.1    12.0     1.5     2.1     1.6    2.83
746       1960    2327   72.2    26.7     6.8     1.1     0.2     0.0     0.0    1.10
746       1965    2774   72.9    25.5     5.6     1.6     0.2     0.0     0.0    1.07
746       1970    3344   71.8    26.5     3.0     1.8     0.1     0.1     0.1    1.05
746       1975    3759   68.5    29.2     4.9     2.1     0.6     0.2     0.1    1.24
746       1980    4364   62.3    31.4     6.0     6.0     1.5     0.3     0.2    1.69
746       1985    4926   63.1    31.2     6.2     5.5     1.3     0.3     0.3    1.66
746       1990    5803   46.1    41.4     8.4    10.2     1.3     0.5     0.4    2.58
746       1995    6807   48.3    41.2     8.3     9.8     1.3     0.7     0.5    2.70
746       2000    7738   46.4    42.6     8.6    10.1     1.3     0.9     0.7    2.95
636       1960    5633   85.4    13.9     2.3     0.7     0.2     0.0     0.0    0.56
636       1965    6370   81.5    17.6     3.3     0.9     0.2     0.0     0.0    0.71
636       1970    7249   77.2    21.5     4.3     1.2     0.3     0.1     0.0    0.89
636       1975    8291   72.5    25.6     5.2     1.7     0.5     0.2     0.1    1.11
636       1980    9066   66.9    29.9     6.1     2.8     0.8     0.4     0.3    1.40
636       1985   11026   60.0    34.6     7.1     4.8     1.3     0.6     0.5    1.78
636       1990   12780   54.1    35.2     7.2    10.0     2.8     0.8     0.6    2.30
636       1995   14633   47.9    33.1     6.8    18.0     5.0     1.0     0.8    2.99
636       2000   16826   44.1    36.4     7.4    18.2     5.0     1.3     1.0    3.18
754       1960    1123   67.3    31.4     4.4     0.8     0.3     0.5     0.4    1.60
754       1965    1284   67.2    31.6     8.7     0.8     0.3     0.4     0.3    1.76
754       1970    1474   63.9    31.9     6.5     3.7     1.7     0.6     0.5    2.03
754       1975    1684   62.9    32.3     6.6     4.3     1.6     0.6     0.4    2.10
754       1980    1815   49.8    37.0     7.6    12.8     4.9     0.4     0.3    3.22
754       1985    2180   41.5    45.0     9.2    12.9     5.3     0.7     0.5    3.70
754       1990    2622   33.2    52.5    10.7    13.3     6.1     1.0     0.8    4.09
754       1995    3084   20.8    51.7    10.6    25.7    14.0     1.9     1.5    5.56
754       2000    3546   19.0    55.3    11.3    23.7    12.9     2.0     1.6    5.43
698       1960    1342   54.0    44.8    11.8     0.9     0.1     0.3     0.2    1.54
698       1965    1524   48.6    49.3    11.8     1.9     0.2     0.2     0.2    1.74
698       1970    1742   43.0    54.6     9.3     1.9     0.0     0.6     0.5    1.86
698       1975    1941   35.5    61.3    11.7     2.5     0.1     0.6     0.5    2.15
698       1980    2264   31.0    57.5    11.5    10.6     0.5     0.8     0.7    2.82
698       1985    2781   29.8    59.2    12.0    10.0     0.6     1.0     0.7    2.83
698       1990    3443   22.3    53.2    10.8    19.4     1.3     4.9     3.8    4.09
698       1995    4019   20.0    51.5    10.5    23.6     1.6     5.0     3.9    4.43
698       2000    4562   15.5    51.2    10.4    28.1     1.9     5.3     4.1    4.88
311       1960     .      4.3    87.7    74.5     7.4     2.2     0.6     0.4    4.80
213       1960   10901   12.0    73.4    19.9    11.6     5.3     3.0     1.8    4.99
213       1965   11848   12.6    71.0    22.2    12.2     5.4     4.1     2.5    5.21
213       1970   12806    8.3    72.4    30.6    15.3     6.6     4.0     2.4    5.88
213       1975   13963    9.1    70.6    26.8    14.8     6.3     5.5     3.3    5.85
213       1980   15150    7.1    66.4    33.0    20.4     8.6     6.1     3.7    6.62
213       1985   16141    7.0    63.2    26.9    21.6     9.0     8.2     5.0    6.74
213       1990   17316    5.7    56.9    34.6    25.3    10.5    12.0     7.2    7.77
213       1995   18528    6.3    52.7    32.0    24.9    10.4    16.2     9.7    8.12
213       2000   20012    5.8    49.6    30.1    24.9    10.4    19.7    11.9    8.49
316       1960    105     0.0    81.4    22.5    16.2     4.7     1.0     0.7    5.22
316       1965    105     0.5    80.9    22.4    17.5     5.1     1.0     0.7    5.35
316       1970    105     1.1    33.7     9.3    63.9    18.6     1.2     0.8    9.09
316       1975    118     1.5    35.7     9.9    61.2    17.8     1.6     1.1    8.91
316       1980    121     0.8    63.5    17.6    32.3     9.4     3.3     2.2    6.84
316       1985    134     2.3    55.4    15.3    36.8    10.7     5.5     3.7    7.45
316       1990    146     1.9    48.3    13.4    41.9    12.2     7.9     5.4    8.19
316       1995    156     2.2    42.4    11.7    46.1    13.4     9.3     6.3    8.72
316       2000    167     2.6    38.6    10.7    46.9    13.7    11.9     8.1    9.11
339       1970     .     12.2    78.6    21.7     7.9     2.3     1.4     1.0      .
339       1980     .     10.7    75.3    20.8    11.7     3.4     2.3     1.6      .
339       1990     .     13.0    64.3    17.8    14.9     4.3     6.6     4.5      .
218       1960    1324   50.2    18.5     5.1    27.5     9.5     3.7     2.5    4.22
218       1965    1469   52.5    20.5     5.7    23.4     8.3     3.7     2.5    3.85
218       1970    1642   51.2    24.6     6.8    20.3     7.6     3.9     2.6    3.72
218       1975    1855   48.6    28.5     7.9    17.9     7.1     5.0     3.4    3.79
218       1980    2094   44.8    32.2     8.9    16.8     6.7     6.2     4.2    4.00
218       1985    2278   41.3    34.5     9.5    16.8     6.8     7.4     5.1    4.19
218       1990    2561   36.8    36.2    10.0    17.1     6.9     9.9     6.7    4.74
218       1995    2928   33.3    38.1    10.5    16.3     6.6    12.3     8.4    5.18
218       2000    3403   30.9    39.8    11.0    14.9     6.0    14.4     9.8    5.54
223       1960   27799   43.2    43.5    11.8    11.3     4.0     2.0     1.4    2.83
223       1965   32009   43.5    44.4    13.8    10.1     3.7     2.0     1.3    2.78
223       1970   36675   42.6    46.1    19.4     9.6     3.7     2.0     1.4    2.92
223       1975   42610   32.7    57.3     4.3     5.7     2.2     4.3     2.9    2.78
223       1980   49980   32.9    55.3     4.9     6.9     2.7     5.0     3.4    2.98
223       1985   58632   32.2    55.3     9.4     6.1     2.5     6.4     4.3    3.22
223       1990   68736   22.4    61.3    12.4     9.1     3.7     7.2     4.9    3.76
223       1995   78620   22.1    58.8    11.9    11.2     4.5     7.9     5.3    4.17
223       2000   89021   21.2    56.8    11.5    13.5     5.4     8.4     5.7    4.56
228       1960    3292   20.2    55.3    22.1    22.4    11.0     2.1     1.4    4.99
228       1965    3603   19.6    56.9    16.6    21.1     9.8     2.4     1.7    4.77
228       1970    4004   12.4    57.2    14.2    26.6    12.0     3.8     2.6    5.48
228       1975    4459   10.6    59.1    13.7    25.5    11.2     4.8     3.3    5.55
228       1980    5058    9.4    56.6    12.8    26.9    11.6     7.2     4.9    5.96
228       1985    5794    8.3    56.0    12.5    27.3    11.6     8.3     5.7    6.04
228       1990    6709    5.8    48.0    10.7    33.9    14.2    12.3     8.4    7.14
228       1995    7603    5.2    45.8    10.2    35.4    14.8    13.7     9.3    7.53
228       2000    8443    5.3    42.9     9.6    36.0    15.1    15.8    10.7    7.89
233       1960    5762   35.1    51.3    10.9    11.9     3.9     1.9     1.3    2.97
233       1965    6443   38.1    49.7    10.9    10.4     3.6     1.8     1.2    2.79
233       1970    7320   39.2    49.1    10.8     9.7     3.6     2.0     1.4    2.73
233       1975    8530   22.4    55.9    12.4    18.4     7.0     3.3     2.2    3.98
233       1980   10059   24.5    54.2    12.0    17.0     6.6     4.3     2.9    3.94
233       1985   11898   24.5    52.0    11.6    17.8     7.0     5.7     3.9    4.15
233       1990   14177   24.5    49.6    11.0    19.1     7.6     6.9     4.7    4.37
233       1995   16754   23.1    48.0    10.7    20.4     8.1     8.5     5.8    4.68
233       2000   18934   19.8    48.9    10.8    21.4     8.6     9.9     6.7    5.01
238       1960    439    17.7    72.8    21.0     6.8     2.4     2.7     1.8    3.86
238       1965    511    20.6    68.7    19.6     7.6     2.8     3.1     2.1    3.83
238       1970    595    20.6    68.7    12.1     7.6     2.9     3.1     2.1    3.61
238       1975    713    16.1    66.9    17.8    11.2     4.9     5.8     3.9    4.48
238       1980    882    14.5    66.8    16.0    10.3     4.4     8.4     5.7    4.70
238       1985    1097   11.5    65.5    15.0    11.3     4.8    11.7     7.9    5.20
238       1990    1351   10.8    62.2    14.0    13.2     5.5    13.8     9.4    5.57
238       1995    1603    9.3    62.2    14.0    12.5     5.2    16.1    11.0    5.82
238       2000    1834    9.4    60.7    13.6    11.3     4.7    18.6    12.7    6.01
321       1970     .      8.4    85.3    23.6     5.2     1.5     1.1     0.7    4.00
321       1980     .      6.6    80.5    22.3    11.1     3.2     1.7     1.2    4.54
243       1960    1133   43.4    53.1    13.8     2.7     0.7     0.8     0.5    2.38
243       1965    1303   44.7    51.4    10.8     3.0     0.7     0.9     0.6    2.27
243       1970    1494   40.1    45.9     4.3    12.1     2.5     1.9     1.3    2.87
243       1975    1742   36.7    50.2     8.7    10.3     2.7     2.8     1.9    3.13
243       1980    2053   35.7    50.5    10.2     9.5     2.9     4.3     2.9    3.36
243       1985    2463   32.7    50.5    10.8    10.3     3.5     6.4     4.4    3.79
243       1990    2972   28.8    51.0    11.2    11.2     4.0     9.0     6.1    4.30
243       1995    3524   24.3    51.9    11.4    11.7     4.2    12.2     8.3    4.87
243       2000    4069   25.7    46.8    10.3    13.1     4.7    14.5     9.8    5.17
248       1960    1647   37.8    53.7    13.6     7.1     2.6     1.4     1.0    2.95
248       1965    1881   38.6    52.9    15.7     6.8     2.7     1.6     1.1    3.00
248       1970    2158   37.6    53.4    18.0     7.0     3.0     1.9     1.3    3.16
248       1975    2512   31.9    53.7    23.9    11.2     5.3     3.2     2.2    3.99
248       1980    2980   25.4    51.1    34.1    16.0     7.9     7.6     5.2    5.40
248       1985    3518   23.2    50.5    19.9    12.8     6.0    13.5     9.2    5.52
248       1990    4169   20.0    49.5    14.3    13.0     5.9    17.4    11.9    5.94
248       1995    4934   18.8    47.1    13.6    16.1     7.3    17.9    12.2    6.25
248       2000    5797   17.7    45.2    13.1    18.3     8.3    18.7    12.7    6.52
253       1960    927    61.8    33.2     5.1     4.6     2.0     0.5     0.3    1.70
253       1965    1055   61.0    33.7     6.6     4.6     2.0     0.6     0.4    1.78
253       1970    1255   54.2    37.9     8.0     6.0     2.5     1.9     1.3    2.29
253       1975    1400   50.0    40.4     8.8     7.4     3.1     2.2     1.5    2.57
253       1980    1553   36.0    52.0    11.5     8.7     3.6     3.3     2.2    3.30
253       1985    1634   34.6    52.1    11.5     9.9     4.1     3.4     2.3    3.44
253       1990    1816   37.1    45.9    10.2     9.8     4.0     6.3     4.3    3.58
253       1995    2133   36.2    46.1    10.2     9.1     3.7     8.7     5.9    4.05
253       2000    2547   35.0    45.6    10.1     8.8     3.7    10.6     7.2    4.50
258       1960    1420   69.2    26.7     7.2     3.6     1.0     0.5     0.3    1.43
258       1965    1614   69.2    26.6     6.4     3.5     1.0     0.7     0.5    1.43
258       1970    1831   68.4    26.9     6.2     3.7     1.1     1.0     0.7    1.49
258       1975    2085   67.4    26.5     6.0     4.9     1.4     1.2     0.8    1.61
258       1980    2399   54.7    35.7     8.0     7.4     2.2     2.2     1.5    2.34
258       1985    2766   54.2    35.8     8.0     6.5     1.9     3.5     2.4    2.44
258       1990    3228   52.9    35.9     8.0     6.7     2.0     4.4     3.0    2.60
258       1995    3794   50.6    37.2     8.3     7.0     2.0     5.2     3.6    2.79
258       2000    4495   47.1    37.6     8.3     9.5     2.8     5.8     4.0    3.12
336       1960    205    13.7    83.3    23.0     2.5     0.7     0.5     0.4    3.50
336       1965    226    13.0    81.4    22.5     5.2     1.5     0.4     0.3    3.68
336       1970    234    12.2    77.6    21.5     9.2     2.7     1.0     0.7    4.00
336       1975    253    10.3    72.5    20.1    16.0     4.7     1.2     0.8    4.48
336       1980    274     8.1    72.9    20.2    17.3     5.0     1.8     1.2    4.71
336       1985    311     8.7    66.6    18.4    22.7     6.6     2.0     1.4    5.01
336       1990    348     9.6    57.8    16.0    30.5     8.9     2.1     1.4    5.43
336       1995    401     8.2    54.2    15.0    34.9    10.2     2.7     1.8    5.81
336       2000    458     7.3    52.7    14.6    36.0    10.5     4.0     2.7    6.05
263       1960    1643   90.2     5.4     1.4     4.2     1.9     0.2     0.2    0.70
263       1965    1733   88.3     7.6     1.7     3.9     1.9     0.3     0.2    0.75
263       1970    1845   83.5    12.4     1.8     3.8     2.0     0.3     0.2    0.90
263       1975    1971   79.2    16.6     3.2     3.9     1.9     0.3     0.2    1.07
263       1980    2130   77.0    15.2     3.2     7.2     3.4     0.7     0.5    1.45
263       1985    2322   59.5    30.5     6.6     9.3     4.2     0.7     0.5    2.23
263       1990    2589   57.0    32.6     7.2     9.7     4.2     0.8     0.6    2.36
263       1995    2893   54.1    34.3     7.6    10.7     4.7     0.9     0.7    2.56
263       2000    3250   54.4    32.3     7.1    12.3     5.4     1.0     0.8    2.67
268       1960    697    60.9    34.9     6.9     3.5     1.6     0.6     0.4    1.69
268       1965    814    62.9    33.3     8.6     3.1     1.6     0.7     0.5    1.67
268       1970    908    61.9    34.2     7.9     3.1     1.8     0.9     0.6    1.70
268       1975    1029   53.1    40.5     6.0     5.3     3.8     1.0     0.7    2.09
268       1980    1221   49.0    44.4     8.6     4.8     2.8     1.8     1.2    2.33
268       1985    1402   33.5    51.3    10.8    11.9     7.6     3.3     2.2    3.56
268       1990    1686   31.9    52.6    11.5    11.0     6.3     4.5     3.1    3.69
268       1995    2033   29.3    54.2    11.8    11.0     6.3     5.5     3.8    3.89
268       2000    2444   25.9    57.0    12.4    10.6     6.0     6.5     4.4    4.08
343       1960    679    18.8    75.3    20.8     5.5     1.6     0.5     0.3    2.46
343       1965    698    16.1    77.9    21.6     5.3     1.5     0.7     0.5    2.54
343       1970    700     5.1    86.8    24.0     6.9     2.0     1.1     0.7    2.96
343       1975    728     4.2    82.0    22.7    12.1     3.5     1.7     1.2    3.38
343       1980    829     3.2    79.8    22.1    15.0     4.4     2.0     1.4    3.60
343       1985    944     2.6    72.7    20.1    21.9     6.4     2.8     1.9    4.13
343       1990    1049    3.5    64.0    17.7    29.9     8.7     2.6     1.8    4.55
343       1995    1195    3.4    58.7    16.2    34.6    10.1     3.3     2.3    4.92
343       2000    1352    3.3    54.5    15.1    38.0    11.1     4.1     2.8    5.22
273       1960   13666   46.0    48.3    10.4     4.3     1.5     1.4     0.8    2.41
273       1965   15746   46.2    48.0    13.7     4.1     1.9     1.6     1.0    2.53
273       1970   18281   35.0    54.7    15.3     7.8     3.7     2.6     1.5    3.31
273       1975   21114   34.4    54.0    17.1     8.3     3.5     3.3     1.9    3.49
273       1980   24989   34.2    48.6    17.2    11.8     5.1     5.4     3.2    4.01
273       1985   28195   29.5    49.9    17.1    13.3     6.0     7.3     4.3    4.49
273       1990   33613   18.8    48.5    19.9    23.4    10.7     9.2     5.4    5.87
273       1995   40244   15.0    47.9    19.7    26.7    12.2    10.3     6.0    6.37
273       2000   47996   12.4    47.3    19.4    29.0    13.3    11.3     6.6    6.73
278       1960    506    59.0    33.7     9.1     4.7     1.4     2.5     1.7    2.09
278       1965    581    56.5    32.8     7.8     5.8     1.7     3.5     2.4    2.28
278       1970    662    53.9    34.6     7.9     6.9     2.0     4.5     3.1    2.59
278       1975    768    51.5    37.1     8.3     6.6     1.9     4.8     3.2    2.68
278       1980    900    48.9    39.1     8.7     6.5     1.9     5.6     3.8    2.86
278       1985    1070   44.7    41.6     9.3     6.2     1.8     7.5     5.1    3.19
278       1990    1231   41.3    40.6     9.0    10.2     3.0     7.9     5.4    3.60
278       1995    1500   36.5    41.5     9.2    13.9     4.1     8.0     5.5    4.01
278       2000    1824   31.7    43.0     9.5    16.5     4.8     8.9     6.0    4.42
283       1960    441    28.0    54.1    24.4    15.4     4.1     2.6     1.8    4.26
283       1965    495    27.5    54.0    15.6    15.5     7.1     3.0     2.0    4.15
283       1970    566    24.9    53.5    16.4    17.4     8.4     4.2     2.9    4.56
283       1975    657    24.2    52.2    18.9    19.0     9.1     4.7     3.2    4.83
283       1980    765    18.3    50.3    23.2    23.2    11.5     8.3     5.7    5.91
283       1985    897    17.8    46.7    18.2    24.5    12.6    11.0     7.5    6.22
283       1990    1055   12.9    41.6    21.6    28.7    16.2    16.8    11.4    7.31
283       1995    1240   11.9    41.2    21.4    29.1    16.4    17.7    12.0    7.70
283       2000    1436   11.4    40.4    21.0    28.5    16.1    19.8    13.5    7.90
288       1960    619    26.4    65.4    16.8     6.9     2.6     1.2     1.0    3.35
288       1965    697    26.3    66.1    15.4     6.2     2.5     1.4     1.1    3.30
288       1970    788    19.6    68.0    10.3    10.3     4.5     2.1     1.7    3.74
288       1975    905    20.3    67.7    17.9     9.4     4.0     2.5     2.0    3.93
288       1980    1144   14.2    66.4    15.4    16.0     7.2     3.4     2.7    4.64
288       1985    1420   13.4    68.0    20.7    14.1     6.8     4.5     3.6    4.84
288       1990    1721    8.7    63.8    20.7    19.7    10.0     7.5     6.0    5.78
288       1995    2044    9.7    63.5    20.6    19.1     9.7     7.7     6.1    5.73
288       2000    2392    9.8    63.8    20.7    18.1     9.2     8.3     6.6    5.74
293       1960    3818   42.8    44.9    11.7     9.7     4.1     2.6     1.8    3.02
293       1965    4335   41.4    46.8    13.2     9.0     4.2     2.9     2.0    3.10
293       1970    4923   35.0    47.1    16.1    13.4     7.1     4.5     3.1    3.89
293       1975    5668   34.3    46.9    15.6    13.1     6.3     5.8     3.9    4.01
293       1980    6602   24.0    44.5    17.2    21.4    10.7    10.1     6.9    5.44
293       1985    7698   21.4    45.0    12.9    21.6    10.2    12.0     8.1    5.60
293       1990    9000   20.5    41.9    10.3    23.6    10.7    14.1     9.6    5.92
293       1995   10515   16.3    34.7     8.6    27.2    12.4    20.4    13.9    6.92
293       2000   12243   13.8    35.7     8.8    28.1    12.8    22.4    15.3    7.33
361       1960     .      5.0    90.3    72.1      .       .       .       .       .
361       1980     .      1.1    29.6     7.0    67.2    19.6     2.1     1.4    7.65
362       1970     .     27.0      .       .       .       .       .       .       .
362       1980     .     17.5    74.5    20.6     6.8     2.0     1.3     0.9    4.22
364       1980     .      2.4    88.0    24.3     8.2     2.4     1.4     1.0    4.99
369       1960    330    14.7    73.3    18.6    10.9     3.2     1.0     0.7    4.19
369       1965    343    12.1    76.0    20.1    10.9     3.0     1.0     0.7    4.31
369       1970    370    11.6    74.6    21.9    12.6     3.2     1.2     0.8    4.54
369       1975    410    12.3    69.8    26.1    16.3     3.6     1.5     1.0    4.99
369       1980    464     1.3    72.0    42.6    23.7     4.0     2.9     2.0    6.60
369       1985    516     3.7    65.6    23.9    27.4     6.6     3.3     2.3    6.38
369       1990    586     4.5    58.7    16.3    33.3     9.7     3.4     2.3    6.66
369       1995    647     4.3    52.7    14.6    39.1    11.4     3.9     2.7    7.19
369       2000    713     5.1    46.3    12.8    44.1    12.8     4.5     3.1    7.62
298       1960    1424   14.1    64.0    18.4    16.8     4.9     5.1     3.5    5.03
298       1965    1516   14.1    70.2    25.0    10.3     3.0     5.4     3.7    4.78
298       1970    1586   13.9    63.9    22.8    16.4     4.8     5.8     3.9    5.23
298       1975    1604    9.9    66.3    29.6    17.4     5.1     6.3     4.3    5.69
298       1980    1660    7.3    66.3    20.5    18.9     5.5     7.5     5.1    5.75
298       1985    1735    4.7    58.0    14.8    29.2     8.5     8.1     5.5    6.52
298       1990    1809    5.5    56.2    13.2    26.8     7.8    11.5     7.9    6.69
298       1995    1877    3.4    53.6    12.6    31.7     9.2    10.0     6.8    6.88
298       2000    1964    3.2    52.2    12.3    32.1     9.3    12.5     8.5    7.25
299       1960    2740   49.1    44.1    15.7     5.3     2.2     1.5     1.0    2.53
299       1965    3185   49.0    43.8    12.0     5.2     2.1     2.0     1.4    2.47
299       1970    3714   47.1    39.2     9.5    11.1     4.6     2.6     1.8    2.92
299       1975    4596   40.4    43.7    10.0    11.4     4.7     4.5     3.1    3.38
299       1980    5732   23.5    47.2    10.6    22.3     9.2     7.0     4.8    4.93
299       1985    6846   20.3    48.6    10.8    21.2     8.7    10.0     6.8    5.30
299       1990    8247   21.2    55.0    12.2    12.0     4.9    11.8     8.0    4.89
299       1995    9720   18.4    54.4    12.1    12.2     5.0    15.1    10.3    5.35
299       2000   11233   15.7    56.6    12.6     9.7     4.0    18.0    12.2    5.61
516       1960     .     64.0    24.6     9.4    10.4     4.4     1.0     0.7    2.24
516       1970     .     52.4    28.1    13.8    16.5     7.0     3.1     2.1    3.43
516       1980     .     32.1    28.3    14.4    30.1    12.7     9.4     6.4    5.81
819       1960    130    22.8    62.8    18.2     8.0     2.7     6.4     4.3    5.08
819       1965    158    23.1    63.8    12.0     8.1     2.8     5.0     3.4    4.67
819       1970    186    23.3    63.6    24.1     9.1     3.2     3.9     2.7    5.09
819       1975    216    19.7    66.3    20.5    10.6     3.9     3.3     2.2    5.12
819       1980    249    15.3    64.2    26.8    17.3     7.2     3.2     2.2    6.01
819       1985    288    10.9    59.8    23.9    24.9    11.4     4.5     3.1    6.76
819       1990    314     8.7    54.4    25.4    32.6    15.7     4.2     2.9    7.42
819       1995    354     7.3    53.7    25.1    33.4    16.1     5.7     3.9    7.68
819       2000    402     6.0    52.0    24.3    34.8    16.8     7.1     4.8    7.96
532       1960    1462   32.8    45.1    18.4    17.4     8.1     4.7     2.7    4.74
532       1965    1618   36.2    40.0    20.4    18.4     9.8     5.4     3.1    4.90
532       1970    1706   33.3    41.4    21.6    22.3    13.3     3.1     1.8    5.11
532       1975    2097   28.5    42.3    22.5    25.4    15.5     3.8     2.2    5.66
532       1980    2613   22.5    39.8    23.1    30.5    17.3     7.1     4.1    6.73
532       1985    3126   18.4    35.6    19.1    38.3    20.6     7.7     4.4    7.51
532       1990    3583   15.7    30.3    15.8    43.3    25.5    10.6     6.1    8.37
532       1995    3886   11.4    26.9    14.0    47.2    28.6    14.5     8.3    9.33
532       2000    4137   10.7    26.6    13.9    47.4    28.7    15.3     8.7    9.47
536       1960   39015   75.5    22.6     7.6     1.9     0.5     0.1     0.0    1.11
536       1965   43496   72.4    25.0    10.8     2.2     0.9     0.4     0.2    1.36
536       1970   48105   55.3    39.1    17.0     5.1     2.3     0.5     0.2    2.29
536       1975   52828   52.1    41.3    16.5     5.7     2.8     0.9     0.4    2.47
536       1980   59333   41.1    48.4    16.8     9.6     4.9     0.8     0.3    3.09
536       1985   68919   33.0    55.6    24.9    10.8     5.6     0.6     0.3    3.65
536       1990   79323   54.5    26.4    12.8    16.8     8.8     2.3     1.0    3.30
536       1995   91311   44.3    32.9    16.0    19.2    10.1     3.6     1.6    4.03
536       2000   105121  36.2    37.0    18.0    21.8    11.5     5.0     2.2    4.71
542       1960    9817   56.9    29.6    26.2    10.9     5.8     2.6     1.9    3.23
542       1965   11281   43.6    35.2    33.5    17.5     7.8     3.6     2.7    4.43
542       1970   12803   34.5    38.1    16.1    21.8    10.1     5.6     4.1    4.76
542       1975   14462   25.2    39.2    17.2    28.7    14.2     6.9     5.1    5.77
542       1980   16401   19.7    34.5    17.1    36.9    18.7     8.9     6.6    6.81
542       1985   19973   15.4    27.6    18.1    45.3    25.6    11.7     8.7    8.03
542       1990   23038   11.0    21.7    20.9    53.9    35.0    13.4     9.9    9.25
542       1995   25997    8.7    18.2    17.3    51.9    36.2    21.1    15.6    10.09
542       2000   28989    8.0    16.7    15.9    49.5    34.5    25.8    19.1    10.46
548       1960    3030   58.5    32.7    11.5     7.2     2.4     1.5     1.3    2.34
548       1965    3465   52.1    38.6    13.8     7.8     3.3     1.4     1.2    2.67
548       1970    3919   46.4    42.7    15.9     9.4     4.2     1.5     1.3    3.05
548       1975    4603   37.8    48.0    19.7    12.6     6.0     1.6     1.3    3.70
548       1980    5426   34.3    44.4    23.0    19.9     9.8     1.4     1.2    4.49
548       1985    6388   29.9    44.8    19.8    23.3    11.1     2.0     1.7    4.88
548       1990    7581   25.6    44.5    22.7    27.1    13.9     2.8     2.4    5.54
548       1995    8857   16.7    33.6    20.6    42.8    23.5     6.8     5.8    7.65
548       2000   10240   13.9    35.6    21.8    43.0    23.6     7.5     6.3    7.88
853       1960    780    79.3    14.7     4.5     6.0     1.6     0.0     0.0    1.13
853       1965    864    80.0    15.1     3.6     4.9     1.2     0.0     0.0    1.01
853       1970    960    85.7    12.0     0.5     2.3     0.4     0.0     0.0    0.58
853       1975    1070   82.4    13.6     5.5     4.0     0.5     0.0     0.0    0.92
853       1980    1185   82.6    13.2     5.0     4.1     0.2     0.2     0.1    0.92
853       1985    1309   75.8    18.8     8.6     4.9     0.9     0.5     0.3    1.34
853       1990    1479   69.5    24.2    11.9     5.6     1.6     0.7     0.5    1.70
853       1995    1724   62.7    29.6    14.5     6.7     2.0     1.0     0.7    2.09
853       2000    2000   57.1    34.6    17.0     6.9     2.0     1.4     1.0    2.39
566       1960   10024   33.5    49.7    17.2    10.6     4.8     6.2     4.0    3.77
566       1965   11491   29.7    51.6    17.5    11.2     5.7     7.5     4.9    4.08
566       1970   12913   19.7    56.1    18.0    14.2     8.5     9.6     6.2    4.81
566       1975   15185   14.1    57.6    21.7    16.4     9.5    11.9     7.7    5.46
566       1980   18115   11.7    54.1    22.8    18.9    10.8    15.2     9.9    6.06
566       1985   21076   10.0    51.7    24.6    20.3    11.4    18.0    11.7    6.53
566       1990   24380    6.7    46.9    23.3    27.2    15.1    18.7    12.2    7.07
566       1995   28214    6.6    44.0    21.9    29.0    16.1    20.4    13.3    7.33
566       2000   32596    6.3    40.1    19.9    31.4    17.5    22.2    14.4    7.62
576       1960    641    60.7    15.9     5.6    23.4     7.7     0.0     0.0    3.14
576       1965    729    54.2    24.4     8.5    21.0     7.0     0.5     0.3    3.29
576       1970    820    47.6    29.6    10.4    20.9     7.0     2.0     1.4    3.74
576       1975    977    40.7    32.2    11.4    24.1     8.1     3.0     2.0    4.34
576       1980    1177   43.7    38.3    13.8    14.6     5.0     3.4     2.3    3.65
576       1985    1412   35.3    40.1    15.3    20.3     7.1     4.3     2.9    4.50
576       1990    1626   29.1    34.9    15.4    31.3     8.1     4.7     3.2    5.52
576       1995    1782   14.3    27.7    16.5    50.5    13.7     7.6     5.2    7.82
576       2000    1923   12.7    28.3    16.8    48.5    13.2    10.6     7.2    8.12
813       1975     .     55.5    39.5    15.8     3.3     1.4     1.6     1.1    2.53
578       1960    9779   48.1    46.4    33.9     4.9     1.6     0.6     0.6    3.45
578       1965   11215   44.8    48.5    18.8     5.8     1.9     0.9     0.9    3.15
578       1970   12701   34.1    60.4    21.4     4.4     1.5     1.1     1.1    3.54
578       1975   14458   32.5    60.6    16.5     5.4     1.8     1.5     1.5    3.55
578       1980   18163   20.5    69.7     2.4     6.8     2.3     2.9     2.9    3.77
578       1985   21669   21.5    65.7    21.4     7.8     3.1     5.0     5.0    4.78
578       1990   25718   22.3    61.9    27.2     8.0     3.5     7.8     7.8    5.35
578       1995   30047   19.6    62.1    27.3     8.9     3.9     9.4     9.4    5.73
578       2000   34017   17.3    62.2    27.3     9.3     4.1    11.3    11.2    6.10
846       1980     .     37.2    40.8     6.5      .       .       .       .       .
582       1990   26932   16.6    69.8    27.9    10.6     4.5     2.6     2.2    3.81
862       1965     .      1.9    69.3    38.0    28.3     5.5     0.5     0.3    6.01
862       1970     .      4.6    62.2    32.7    29.7     2.8     3.6     2.4    6.16
862       1975     .       .       .       .     37.8     6.3     2.2     1.5      .
862       1980     .      1.2    55.4    28.4    37.8    10.5     2.7     1.8    6.65
512       1960    3980   87.7     5.1     1.7     4.1     1.5     3.1     2.2    1.10
512       1965    4548   89.6     4.6     1.6     3.3     1.3     2.5     1.7    0.91
512       1970    5211   90.9     4.3     1.8     2.7     1.0     2.0     1.4    0.77
512       1975    5986   91.5     4.4     2.6     2.4     1.3     1.7     1.2    0.73
512       1980    6172   89.0     6.8     0.3     1.1     0.4     3.0     2.1    0.79
512       1985    5579   88.3     7.2     1.8     1.9     0.7     2.7     1.9    0.87
512       1990    5475   88.1     6.5     2.1     2.9     1.1     2.4     1.7    0.91
512       1995    7983   84.3     9.6     3.1     3.8     1.4     2.3     1.6    1.13
512       2000   11282   84.5     9.1     2.9     4.2     1.6     2.2     1.6    1.14
513       1960   21275   87.0     6.3     1.7     6.1     2.3     0.6     0.4    0.79
513       1965   23052   83.0    10.6     2.9     5.7     2.2     0.6     0.4    0.90
513       1970   25093   85.4     8.0     2.2     6.0     2.2     0.6     0.4    0.85
513       1975   27342   82.3    10.0     2.7     6.9     2.6     0.9     0.6    1.02
513       1980   30252   70.4    16.7     4.6    11.6     4.2     1.3     0.9    1.68
513       1985   34708   67.3    17.0     4.7    14.0     5.2     1.7     1.2    1.95
513       1990   39910   61.5    22.4     6.1    13.8     5.2     2.3     1.6    2.19
513       1995   47060   58.8    24.6     6.7    13.8     5.2     2.8     1.9    2.32
513       2000   56185   55.7    27.7     7.6    13.4     5.0     3.3     2.3    2.45
534       1960   185858  75.5    22.1     6.3     2.6     1.0     0.0     0.0    1.45
534       1965   207230  75.9    21.3     7.2     2.6     1.0     0.2     0.1    1.49
534       1970   230187  72.2    22.7     8.2     3.9     1.5     1.1     0.8    1.90
534       1975   256651  68.5    23.7     8.7     5.4     2.0     2.3     1.6    2.36
534       1980   289666  72.5    11.3     4.2    13.7     5.1     2.5     1.7    2.72
534       1985   330011  66.9    16.2     6.0    13.2     5.0     3.7     2.6    3.13
534       1990   376588  59.0    22.9     8.5    14.1     5.3     4.1     2.9    3.68
534       1995   429197  52.3    27.9    10.4    15.3     5.7     4.5     3.1    4.16
534       2000   487730  44.5    33.2    12.4    17.4     6.5     4.8     3.3    4.77
518       1960    9128   79.5    11.7     3.2     8.4     3.1     0.4     0.3    0.97
518       1965    9787   80.7    11.2     3.1     7.7     2.9     0.5     0.4    0.92
518       1970   10778   77.1    14.9     4.1     7.4     2.8     0.7     0.5    1.01
518       1975   12166   78.3    12.4     3.4     9.1     2.1     0.2     0.1    0.98
518       1980   13751   71.8    17.8     4.9     9.9     3.7     0.6     0.4    1.26
518       1985   15162   55.9    27.8     7.6    14.5     5.4     1.9     1.3    2.02
518       1990   17379   52.1    31.6     8.6    14.0     5.2     2.4     1.7    2.14
518       1995   19934   47.4    36.1     9.9    13.7     5.1     2.8     2.0    2.29
518       2000   22938   42.4    41.0    11.2    13.3     5.0     3.3     2.3    2.44
558       1960    3925   99.0     0.3     0.1     0.6     0.2     0.1     0.1    0.07
558       1965    4309   98.4     0.8     0.2     0.6     0.2     0.2     0.1    0.10
558       1970    4718   99.6     0.1     0.0     0.3     0.1     0.1     0.1    0.04
558       1975    5154   98.2     0.6     0.2     0.8     0.3     0.4     0.3    0.14
558       1980    5985   90.3     4.8     1.3     3.7     1.4     1.1     0.8    0.61
558       1985    6342   88.2     5.6     1.5     4.7     1.8     1.5     1.0    0.77
558       1990    7359   84.1     4.8     1.3     8.2     3.2     1.1     0.8    1.03
558       1995    8349   74.6    13.6     3.7    10.0     3.9     1.9     1.3    1.53
558       2000    9602   67.2    17.3     4.7    12.9     5.0     2.5     1.8    1.94
564       1960   19534   85.6    11.7     1.2     2.4     0.9     0.3     0.3    0.63
564       1965   21224   83.9    11.8     6.1     3.8     1.4     0.4     0.4    0.93
564       1970   23181   81.3     8.0     5.7     7.3     3.6     3.4     2.9    1.68
564       1975   25650   80.7     8.8     4.4     7.3     2.7     3.2     2.8    1.62
564       1980   29924   78.9     8.7     3.7    10.5     3.9     1.9     1.6    1.74
564       1985   36703   76.3    11.4     4.5    10.3     3.9     2.0     1.8    1.82
564       1990   44434   73.8     9.7     3.7    14.0     8.2     2.5     2.2    2.29
564       1995   52429   71.8    11.5     4.4    14.1     8.3     2.6     2.2    2.38
564       2000   61477   70.1    13.1     5.0    14.0     8.2     2.8     2.4    2.45
524       1960    3944   32.3    46.5     6.9    20.7     7.8     0.4     0.2    3.43
524       1965    4447   30.6    49.1    14.0    19.9     7.5     0.4     0.2    3.60
524       1970    5009   29.5    48.2    24.7    20.0     7.5     2.3     1.2    4.13
524       1975    5536   28.8    47.8    17.2    21.3     8.0     2.1     1.1    4.03
524       1980    6481   15.9    48.9    18.0    34.1    12.8     1.1     0.6    5.18
524       1985    7372   17.2    46.5    17.2    34.9    13.1     1.4     0.8    5.23
524       1990    8300   20.3    41.6    15.5    36.3    13.6     1.8     1.0    5.26
524       1995    9307   18.9    39.7    14.7    39.1    14.6     2.3     1.2    5.61
524       2000   10348   16.8    38.3    14.2    42.2    15.8     2.7     1.5    6.09
193       1960    5763    0.0    36.6    20.2    50.4    21.8    13.0     7.4    9.43
193       1965    6170    1.0    37.1    20.5    48.9    21.2    13.0     7.4    9.30
193       1970    6741    0.9    29.3    16.2    48.3    20.9    21.5    12.2    10.09
193       1975    7494    3.6    28.7    15.8    47.0    20.4    20.8    11.8    9.81
193       1980    8414    1.0    30.3    16.7    47.5    20.6    21.2    12.0    10.02
193       1985    9279    2.1    27.7    15.3    48.4    20.9    21.8    12.4    10.06
193       1990   10455    2.4    26.7    14.7    48.4    20.9    22.6    12.8    10.12
193       1995   11514    2.1    25.1    13.9    48.6    21.1    24.2    13.7    10.31
193       2000   12574    2.2    24.4    13.5    43.6    18.9    29.8    16.9    10.57
122       1960    4452    2.0    31.4    17.4    48.7    37.5     2.2     1.2    6.71
122       1965    4531    2.9    46.7    25.8    47.6    30.6     2.8     1.6    6.90
122       1970    4637    3.8    47.1    26.0    46.5    35.8     2.6     1.5    7.01
122       1975    4720    3.5    47.3    26.1    45.6    29.3     3.6     2.0    6.83
122       1980    4759    0.0    35.0    19.3    61.8    47.5     3.3     1.9    8.42
122       1985    4902    0.3    34.1    18.8    60.0    38.6     5.7     3.2    8.26
122       1990    5226    0.5    33.2    18.3    57.9    32.1     8.4     4.8    8.22
122       1995    5546    1.1    31.6    17.4    55.7    30.9    11.7     6.6    8.44
122       2000    5737    1.3    28.5    15.8    55.0    30.5    15.1     8.6    8.80
124       1960    5882    2.0    66.9    42.2    27.1     8.9     4.0     3.3    7.46
124       1965    5931    3.7    63.3    45.0    28.5     9.1     4.5     3.7    7.67
124       1970    5935    1.0    65.1    60.6    28.7     8.8     5.2     4.2    8.40
124       1975    6090    2.9    60.1    38.6    30.3     9.6     6.7     5.4    7.88
124       1980    6280    4.6    55.2    29.2    31.6    10.3     8.6     7.0    7.85
124       1985    6512    3.0    53.7    26.1    32.6    10.8    10.7     8.7    8.16
124       1990    6777    3.0    51.1    24.0    32.6    10.9    13.3    10.8    8.43
124       1995    7030    4.6    48.8    22.9    30.5    10.2    16.1    13.1    8.55
124       2000    7207    6.2    46.1    21.7    28.0     9.4    19.7    16.0    8.73
156       1960    9295    1.7    47.2    27.2    31.1    14.4    20.0     5.4    8.37
156       1965    9954    3.8    47.2    26.5    29.5    12.2    19.5     5.3    8.07
156       1970   10970    1.4    38.4    20.0    39.8    16.6    20.4     5.5    8.80
156       1975   12334    1.8    30.7    12.2    36.6    15.5    30.9     8.3    9.54
156       1980   13853    2.0    23.7     9.5    36.8    16.0    37.4    10.1    10.23
156       1985   15875    1.2    19.9    14.9    37.2    15.5    38.1    10.3    10.40
156       1990   17945    1.0    15.7    11.7    33.6    15.0    42.7    11.5    10.50
156       1995   19393    1.6    20.3    15.1    29.4    13.1    48.7    13.1    11.18
156       2000   20613    1.7    18.6    13.9    26.6    11.9    53.0    14.3    11.43
128       1960    2741    0.0    37.5    20.7    46.1    19.2    16.3     9.3    8.95
128       1965    2834    0.7    38.1    21.1    45.5    20.4    15.7     8.9    8.86
128       1970    2992    2.0    38.1    21.0    44.5    22.1    15.5     8.8    8.78
128       1975    3172    1.7    37.6    20.8    44.9    25.6    15.8     9.0    8.95
128       1980    3289    1.8    37.4    20.7    43.4    29.4    17.4     9.8    9.16
128       1985    3381    2.0    36.9    20.4    42.5    35.4    18.6    10.5    9.42
128       1990    3501    0.0    30.5    16.8    49.9    41.6    19.6    11.1    10.13
128       1995    3599    0.0    34.1    18.8    47.0    39.2    18.9    10.7    9.86
128       2000    3676    0.2    31.7    17.5    46.5    38.8    21.6    12.2    10.09
172       1960    2407    0.6    89.3    49.3     6.0     1.8     4.1     2.4    5.37
172       1965    2494    0.6    81.9    45.2    13.0     3.7     4.5     2.6    5.78
172       1970    2599    0.5    69.4    38.3    24.0     6.2     6.1     3.5    6.50
172       1975    2853    0.9    62.0    34.2    29.9    18.4     7.2     4.2    7.23
172       1980    3044    1.2    50.0    27.6    36.9    29.2    11.9     6.9    8.33
172       1985    3222    1.0    54.6    30.2    30.6    18.9    13.8     8.0    7.95
172       1990    3372    0.0    35.2    19.4    49.4    35.3    15.4     8.9    9.48
172       1995    3501    0.4    31.3    17.3    49.6    35.4    18.7    10.9    9.82
172       2000    3570    0.4    29.2    16.1    47.3    33.8    23.2    13.4    10.14
132       1960   27972    0.0    72.3    42.0    25.7     9.6     2.1     1.1    5.78
132       1965   29210    0.0    71.6    41.3    25.8    10.4     2.7     1.4    5.86
132       1970   29849    0.5    70.5    39.7    26.0    10.6     3.0     1.5    5.86
132       1975   31622    0.9    67.2    35.4    26.8    11.0     5.2     2.7    6.08
132       1980   33347    1.0    56.0    24.0    34.5    12.9     8.5     4.4    6.77
132       1985   34911    1.1    52.1    23.3    36.3    19.1    10.5     5.4    7.31
132       1990   36721    0.6    51.1    23.2    36.9    22.1    11.4     5.8    7.56
132       1995   38509    0.5    47.6    21.7    37.3    22.4    14.5     7.4    7.94
132       2000   40157    0.7    43.7    19.8    37.3    22.4    18.4     9.4    8.37
134       1960   34783    1.0    36.2    20.0    61.0    25.4     1.8     1.0    8.28
134       1965   37791    0.9    37.8    20.9    58.9    26.5     2.4     1.4    8.25
134       1970   38872    0.8    39.1    21.6    57.0    28.5     3.1     1.8    8.27
134       1975   39782    0.6    47.1    26.0    46.8    23.4     5.5     3.1    7.73
134       1980   40497    0.2    40.4    22.3    52.5    26.2     6.9     3.9    8.41
134       1985   41596    1.3    32.5    18.0    58.5    29.2     7.7     4.4    8.98
134       1990   55747    2.2    29.7    15.1    55.6    23.6    12.5     7.8    9.48
134       1995   58897    4.0    27.5    14.0    53.5    22.8    15.0     9.4    9.57
134       2000   59944    5.2    25.1    12.8    52.3    22.2    17.5    11.0    9.75
174       1960    4758   21.0    68.6    45.9     7.9     3.3     2.5     2.4    4.64
174       1965    5060   18.2    69.4    47.6     9.8     4.4     2.7     2.6    4.95
174       1970    5313   15.6    69.9    45.1    10.6     5.3     3.9     3.7    5.19
174       1975    5544   14.4    67.8    48.9    12.9     7.5     5.0     4.8    5.67
174       1980    6020   11.5    61.2    44.3    19.7    13.6     7.6     7.3    6.56
174       1985    6318   10.6    57.1    42.5    23.7    15.1     8.7     8.3    6.95
174       1990    6794    5.7    56.9    44.2    28.7    22.0     8.7     8.4    7.66
174       1995    7233    5.5    52.2    40.5    31.8    24.4    10.5    10.1    8.05
174       2000    7543    5.1    47.6    36.9    33.8    25.9    13.6    13.1    8.51
176       1960     89     1.0    85.5    47.2     9.8     4.2     3.7     2.1    5.63
176       1965     94     1.0    81.7    45.1    13.2     5.7     4.1     2.3    5.89
176       1970    100     1.0    76.6    42.3    17.7     7.7     4.7     2.6    6.22
176       1975    111     0.8    70.6    39.0    23.1    10.0     5.5     3.1    6.65
176       1980    121     1.2    63.8    35.3    27.9    12.1     7.1     4.0    7.11
176       1985    133     1.6    57.7    31.9    31.4    13.6     9.3     5.2    7.55
176       1990    150     1.5    52.7    29.1    34.8    15.1    11.0     6.2    7.96
176       1995    162     1.6    47.8    26.4    37.8    16.4    12.8     7.2    8.35
176       2000    173     1.8    43.4    24.0    39.3    17.0    15.5     8.8    8.75
178       1960    1559    4.4    63.6    35.1    27.9    12.1     4.1     2.3    6.45
178       1965    1535    4.0    64.8    35.8    26.7    11.6     4.5     2.6    6.45
178       1970    1563    3.6    64.4    35.6    27.4    11.9     4.6     2.6    6.52
178       1975    1650    3.5    62.4    34.4    28.4    12.3     5.7     3.2    6.70
178       1980    1770    2.7    49.6    27.4    39.8    17.2     7.9     4.5    7.60
178       1985    1878    3.4    45.1    24.9    41.9    18.1     9.6     5.5    7.87
178       1990    1946    2.0    38.5    21.3    43.7    18.9    14.6     8.3    8.50
178       1995    2034    3.0    35.4    19.6    45.2    19.6    16.4     9.3    8.79
178       2000    2168    4.2    31.8    17.5    44.7    19.4    19.4    11.0    9.02
136       1960   29968   12.5    71.4    42.6    13.9     5.2     2.1     1.2    4.56
136       1965   31593   10.9    72.3    44.6    14.1     5.7     2.7     1.5    4.77
136       1970   32644    7.3    72.6    48.9    17.5     7.2     2.6     1.5    5.22
136       1975   34127    6.6    70.6    38.2    18.6     7.7     4.3     2.4    5.28
136       1980   35253   19.3    47.4    23.3    29.2    11.2     4.1     2.3    5.32
136       1985   36357   17.2    45.9    21.6    30.3    11.3     6.7     3.8    5.76
136       1990   38348   15.3    44.2    20.5    31.5    11.5     9.0     5.1    6.16
136       1995   40457   13.5    42.5    19.7    32.4    11.8    11.5     6.5    6.60
136       2000   42189   12.4    40.9    19.0    32.0    11.6    14.7     8.3    7.00
158       1960   47919    2.9    59.9    29.0    30.9    15.4     6.3     3.9    6.87
158       1965   53290    2.4    54.1    25.3    36.7    16.6     6.8     4.3    7.22
158       1970   59428    0.9    60.6    28.0    33.0    13.9     5.5     3.4    6.88
158       1975   67253    0.8    53.8    24.8    38.1    15.2     7.3     4.6    7.36
158       1980   73124    0.3    45.4    20.9    39.9    15.3    14.4     9.0    8.23
158       1985   77682    0.4    41.7    19.1    41.9    15.5    16.0    10.0    8.51
158       1990   82018    0.0    34.3    15.7    44.5    16.2    21.2    13.2    9.22
158       1995   86197    0.0    31.2    14.3    46.8    17.0    22.0    13.8    9.44
158       2000   91033    0.0    28.1    12.9    47.9    17.4    24.0    15.0    9.72
138       1960    6318    2.0    85.6    47.3    11.1     3.0     1.3     0.7    5.27
138       1965    6723    1.8    81.8    45.2    13.6     4.3     2.7     1.5    5.58
138       1970    7180    1.9    45.1    24.9    45.8     9.1     7.2     4.1    7.58
138       1975    7893    2.3    44.4    24.5    44.3    10.7     9.1     5.1    7.75
138       1980    8529    2.7    42.0    23.2    44.1    12.0    11.3     6.4    7.99
138       1985    9170    2.4    39.1    21.6    44.7    13.1    13.8     7.8    8.32
138       1990    9883    2.6    35.9    19.8    45.4    14.0    16.1     9.1    8.61
138       1995   10636    2.7    32.0    17.7    46.3    14.3    19.0    10.8    8.96
138       2000   11152    2.4    30.2    16.7    45.4    14.0    22.0    12.5    9.24
196       1960    1257    0.0    38.2    21.1    58.0    19.9     3.7     1.4    9.56
196       1965    1341    0.9    39.9    22.0    54.3    18.6     4.9     1.9    9.42
196       1970    1433    3.9    35.4    19.6    54.5    18.6     6.1     2.4    9.36
196       1975    1605    1.0    21.8    12.0    57.1    19.3    20.1     7.7    11.00
196       1980    1713    1.2    22.1    12.2    46.1    15.5    30.6    11.8    11.43
196       1985    1876    1.0    22.0    12.2    46.6    15.4    30.3    11.7    11.43
196       1990    2013    0.0    36.8    20.3    24.1     7.8    39.1    15.1    11.18
196       1995    2185    0.0    34.2    18.9    26.6     8.6    39.2    15.1    11.31
196       2000    2356    0.0    32.2    17.8    26.3     8.5    41.6    16.0    11.52
142       1960    2184    2.0    74.8    41.3    21.3    14.2     1.9     0.8    6.11
142       1965    2228    1.8    73.4    40.6    22.4    13.1     2.4     1.1    6.18
142       1970    2313    0.6    60.9    33.7    31.1    20.7     7.4     3.3    7.36
142       1975    2445    1.8    54.3    30.0    34.8    23.2     9.1     4.0    7.71
142       1980    2558    1.8    47.0    26.0    39.3    26.2    11.9     5.3    8.28
142       1985    2672    2.9    42.7    23.6    41.0    23.9    13.5     6.0    8.40
142       1990    2784    1.1    11.4     6.3    69.6    46.4    17.9     8.0    10.85
142       1995    2907    1.0    11.6     6.4    66.7    44.4    20.8     9.2    11.82
142       2000    3000    1.2    11.5     6.4    62.5    41.7    24.8    11.0    11.86
182       1960    4812   45.1    50.4    21.6     3.5     1.5     1.1     0.5    1.94
182       1965    4985   45.5    49.2    33.5     3.9     1.7     1.4     0.7    2.24
182       1970    4941   44.2    47.3    30.0     6.8     2.9     1.6     0.8    2.44
182       1975    5022   38.7    49.3    26.0     9.6     4.1     2.4     1.1    2.79
182       1980    5507   27.5    58.5    28.4    10.6     4.6     3.5     1.7    3.27
182       1985    5928   27.5    54.4    25.5    13.7     5.9     4.5     2.1    3.57
182       1990    6160   16.1    61.5    28.5    14.8     6.4     7.7     3.7    4.33
182       1995    6418   14.3    61.4    28.4    14.7     6.4     9.6     4.5    4.54
182       2000    6657   13.5    59.0    27.3    14.9     6.4    12.6     6.0    4.91
184       1960   17455   24.5    68.2    42.2     3.9     1.5     3.4     1.9    3.64
184       1965   18276   25.5    66.4    44.9     4.6     1.9     3.5     2.0    3.75
184       1970   19161   12.9    77.6    64.7     5.8     2.6     3.7     2.1    4.69
184       1975   20168   13.6    73.9    47.6     8.2     3.6     4.3     2.5    4.49
184       1980   21505   10.0    69.6    41.7    13.3     5.7     7.1     4.0    5.15
184       1985   23073    5.2    70.2    29.9    17.6     8.7     7.0     4.0    5.32
184       1990   24899    4.5    64.0    28.6    25.5    11.5     8.4     4.8    6.09
184       1995   26639    4.0    55.5    24.8    28.6    12.9    11.9     6.8    6.62
184       2000   28237    3.6    49.4    22.0    30.7    13.8    16.2     9.2    7.25
144       1960    4775    0.6    58.0    30.3    33.9    18.4     7.5     4.3    7.65
144       1965    4894    0.7    57.0    23.8    34.6    22.0     7.7     4.3    7.66
144       1970    5152    1.0    55.6     7.5    35.0    27.1     8.3     4.7    7.47
144       1975    5398    1.4    52.0    17.4    34.3    32.2    12.3     7.0    8.44
144       1980    5557    1.8    39.8    16.4    43.0    35.7    15.4     8.7    9.47
144       1985    5722    2.2    37.9    16.7    43.0    24.5    16.9     9.6    9.22
144       1990    5851    1.9    35.8    16.2    44.0    27.6    18.3    10.4    9.57
144       1995    6030    2.1    18.1     8.2    58.8    44.1    21.0    11.9    11.23
144       2000    6171    2.0    17.7     8.0    57.2    42.9    23.1    13.1    11.36
146       1960    3271    0.2    68.6    37.9    21.8     9.5     9.4     5.3    7.30
146       1965    3479    0.2    68.4    37.8    22.3    10.7     9.1     5.1    7.32
146       1970    3762    5.1    47.9    26.4    38.0    20.8     9.0     5.1    8.28
146       1975    3989    4.4    50.0    27.6    36.4    23.4     9.1     5.2    8.27
146       1980    4101    3.0    31.7    17.5    54.3    42.5    11.0     6.2    10.07
146       1985    4381    4.6    30.0    16.6    53.6    35.0    11.8     6.7    9.90
146       1990    4724    5.2    28.0    15.5    53.8    30.2    13.0     7.4    9.92
146       1995    5081    4.9    25.9    14.3    54.8    30.8    14.5     8.2    10.18
146       2000    5304    4.6    24.4    13.5    55.0    30.8    16.0     9.1    10.39
186       1960   11591   60.2    32.9    19.9     6.2     2.7     0.7     0.4    2.00
186       1965   12752   59.9    32.9    21.0     5.9     2.6     1.1     0.6    2.05
186       1970   14185   59.6    32.7    21.8     6.1     2.7     1.6     0.9    2.16
186       1975   15880   59.0    31.9    21.3     7.3     3.2     1.8     1.0    2.26
186       1980   18027   52.4    35.3    23.9     8.7     3.8     3.6     2.0    2.80
186       1985   21608   42.5    42.9    30.1    10.5     4.6     4.1     2.3    3.38
186       1990   25216   34.8    48.3    37.4    11.9     5.1     5.0     2.8    3.95
186       1995   29269   30.6    47.2    40.6    15.7     6.8     6.5     3.7    4.57
186       2000   33607   28.1    49.6    42.7    13.8     6.0     8.5     4.8    4.80
112       1960   33228    2.0    71.7    67.1    24.5     2.3     1.8     1.0    7.67
112       1965   33784    1.8    69.2    44.5    26.5     4.5     2.5     1.4    7.17
112       1970   33964    1.6    61.6    32.7    28.9     6.4     7.9     4.5    7.66
112       1975   35054    2.4    55.6    27.1    31.0     8.0    11.0     6.2    8.01
112       1980   35838    3.0    52.3    24.6    32.9     9.3    11.8     6.7    8.17
112       1985   36435    2.9    48.7    22.6    35.7    10.7    12.8     7.2    8.44
112       1990   38018    2.8    44.9    20.7    38.5    12.1    13.9     7.9    8.74
112       1995   39299    2.9    41.4    19.1    39.9    12.5    15.8     9.0    9.03
112       2000   40211    2.9    38.9    17.9    39.1    12.3    19.1    10.8    9.35
111       1960   100019   2.3    37.4    17.5    43.8    18.9    16.5    10.0    8.66
111       1965   104316   2.1    36.0    28.2    43.8    20.6    18.2    11.0    9.25
111       1970   110578   1.6    32.7    28.8    44.4    23.6    21.3    12.9    9.79
111       1975   120798   1.4    30.7    20.6    42.6    26.3    25.3    15.3    10.01
111       1980   133712   1.0     6.3     3.7    62.9    47.1    29.8    18.0    11.91
111       1985   147022   1.5     7.4     3.8    57.4    36.1    33.7    20.4    11.71
111       1990   158724   1.2     9.1     4.4    44.4    24.2    45.2    27.3    12.00
111       1995   169417   0.6     8.2     3.9    44.6    24.3    46.5    28.1    12.18
111       2000   178443   1.0     9.3     4.5    39.6    21.6    50.1    30.3    12.25
918       1960    4646   18.1    66.0    38.1    12.0     4.7     3.9     3.4    6.08
918       1965    4931   17.8    60.4    35.0    16.6     6.5     5.2     4.5    6.42
918       1970    5183   16.9    57.7    33.6    19.8     7.8     5.6     4.8    6.67
918       1975    5481   16.0    55.2    32.6    22.1     8.7     6.7     5.7    6.95
918       1980    5647   14.1    51.4    31.3    26.4    10.4     8.1     7.0    7.43
918       1985    5842   12.7    47.3    31.3    31.1    12.2     8.9     7.7    7.90
918       1990    5889    4.7    44.4    31.9    35.7    14.1    15.0    12.9    9.26
918       1995    5856    4.6    40.7    29.3    38.0    15.0    16.6    14.3    9.51
918       2000    5884    4.1    39.3    28.3    37.5    14.8    19.1    16.5    9.74
924       1960   296043    .       .       .       .       .      1.1     0.9      .
924       1965   315192    .       .       .       .       .      1.0     0.9      .
924       1970   342432    .       .       .       .       .      1.0     0.8      .
924       1975   383910  52.0    25.5     9.6    21.5     8.5     1.0     0.8    3.40
924       1980   447766  44.9    32.3    12.2    21.7     5.6     1.0     0.9    3.61
924       1985   508245  40.0    33.3    12.6    25.6    10.1     1.1     0.9    4.15
924       1990   584658  29.3    34.3    12.9    34.4    13.5     2.0     1.7    5.23
924       1995   677734  24.0    39.3    14.8    34.6    13.6     2.2     1.9    5.48
924       2000   761566  20.9    40.7    15.3    35.7    14.1     2.7     2.3    5.74
960       1990    2982   10.2    43.6    16.4    39.5    15.6     6.4     5.5    5.99
960       1995    3021   11.2    40.0    15.1    40.6    16.0     8.2     7.0    6.28
960       2000    3033   12.2    37.3    14.1    40.4    15.9    10.1     8.7    6.49
928       1960    3305   29.3    64.4    37.3     4.3     1.7     1.9     1.4    3.79
928       1965    3571   33.9    58.7    33.9     5.3     2.1     2.1     1.6    3.65
928       1970    3873   10.5    80.2    46.2     6.9     2.7     2.4     1.8    4.86
928       1975    4303   15.4    73.6    42.0     8.2     3.2     2.8     2.1    4.74
928       1980    4744    9.4    58.2    28.8    27.9    11.0     4.5     3.4    6.15
928       1985    5154    8.1    58.3    24.3    27.0    10.6     6.6     5.0    6.25
928       1990    5913    6.6    53.1    20.5    31.3    12.3     9.1     6.9    6.80
928       1995    6666    5.8    46.0    17.8    37.1    14.6    11.1     8.5    7.41
928       2000    7323    5.7    40.3    15.6    42.6    16.8    11.3     8.6    7.78
935       1990    6572    0.3    31.4    11.8    58.6    23.1     8.5     7.3    9.39
935       1995    6590    1.1    34.8    13.1    54.8    21.6     9.3     8.0    9.29
935       2000    6774    1.3    32.6    12.3    55.2    21.7    10.8     9.3    9.46
934       1960    8002    0.8    83.1    31.3    13.7     6.8     2.4     2.1    7.19
934       1965    8266    2.3    80.6    30.4    13.8     5.4     3.3     2.8    7.17
934       1970    8488    0.6    57.2    21.6    38.2    15.0     4.1     3.5    8.73
934       1975    8899    2.0    56.4    21.3    36.7    14.4     4.9     4.2    8.64
934       1980    9348    0.4    47.6    17.9    45.9    18.1     6.0     5.2    9.36
934       1985    9562    1.2    47.9    18.1    43.5    17.1     7.4     6.4    9.33
934       1990    9736    0.3    32.6    12.3    58.6    23.1     8.5     7.3    10.35
939       1990    1010    2.2    39.0    14.7    45.1    17.8    13.7    11.8    9.17
944       1960    6022    3.7    86.4    47.7     6.5     2.6     3.4     3.3    6.65
944       1965    6244    3.0    85.6    52.7     7.9     3.1     3.5     3.4    6.99
944       1970    6462    2.4    81.8    64.6    10.8     4.3     5.1     4.9    7.90
944       1975    6676    2.5    76.4    55.0    15.4     6.1     5.7     5.5    7.91
944       1980    6930    1.3    68.2    57.0    23.6     9.3     7.0     6.8    8.81
944       1985    6962    1.9    63.9    35.0    26.5    10.4     7.7     7.4    8.20
944       1990    6789    1.3    59.6    35.3    29.0    11.4    10.1     9.7    8.71
944       1995    6681    1.7    56.0    24.5    31.8    12.5    10.5    10.1    8.52
944       2000    6702    2.0    51.3    22.4    34.7    13.6    12.0    11.6    8.81
439       1990    8650    7.7    29.2    11.0    50.7    20.0    12.4    10.7    9.03
941       1990    1730    0.6    39.7    21.2    46.3    18.2    13.4    11.6    9.54
946       1990    2326    9.1    21.3     8.0    57.0    22.4    12.6    10.9    9.30
921       1990    2512   12.7    17.1     6.4    58.9    23.2    11.3     9.8    9.07
964       1960   15500    8.6    71.7    38.0    16.6     9.3     3.2     2.8    6.74
964       1965   16889    7.5    69.9    38.9    18.9     7.4     3.7     3.2    6.97
964       1970   17470    5.2    68.7    43.2    20.7     8.2     5.4     4.7    7.56
964       1975   19000    5.6    62.2    43.1    25.5    10.0     6.7     5.8    8.02
964       1980   20834    2.8    57.6    44.9    33.9    13.3     5.7     4.9    8.65
964       1985   22445    3.0    52.8    38.7    36.7    14.5     7.5     6.4    8.80
964       1990   23226    1.5    42.8    37.2    47.8    18.8     7.9     6.8    9.60
964       1995   23582    1.7    40.5    35.2    48.5    19.1     9.3     8.0    9.73
964       2000   24307    1.7    37.7    32.8    49.5    19.5    11.1     9.6    9.90
968       1960   10284   17.3    64.0    15.8    16.3     6.4     2.4     2.1    5.33
968       1965   11141   15.0    66.8    21.4    15.5     6.1     2.7     2.3    5.63
968       1970   11691   17.0    64.3    22.5    15.2     6.0     3.5     3.0    5.66
968       1975   12305   16.1    39.5    14.2    39.8    15.7     4.6     4.0    7.17
968       1980   13095   14.8    41.1    15.0    39.0    15.3     5.2     4.5    7.26
968       1985   13714   13.5    40.1    14.7    40.4    15.9     6.0     5.1    7.49
968       1990   13885    5.4    24.4     8.9    63.2    24.9     6.9     6.0    9.24
968       1995   14397    5.0    24.2     8.9    63.3    24.9     7.6     6.5    9.34
968       2000   14840    5.1    22.0     8.1    64.0    25.2     8.9     7.7    9.51
936       1990    3128    0.7    37.9    14.3    50.9    20.0     9.5     8.2    9.07
936       1995    3230    1.5    40.6    15.3    47.5    18.7    10.4     8.9    8.99
936       2000    3383    1.7    37.7    14.2    49.0    19.3    11.6    10.0    9.19
961       1990    1232    0.7    45.1    17.0    42.4    16.7    10.4     9.0    6.94
961       1995    1294    2.8    41.9    15.8    43.0    16.9    12.2    10.6    7.20
961       2000    1335    4.9    38.7    14.6    42.1    16.6    14.3    12.4    7.35
923       1990    1992    9.8    13.0     4.9    65.5    25.8    11.7    10.1    9.62
922       1960   113705   1.5    68.8    35.4    25.6    10.1     4.2     3.6    7.59
922       1965   128811   1.5    58.2    30.0    35.0    13.8     5.3     4.6    8.14
922       1970   132128   0.5    47.9    24.8    44.4    17.5     7.2     6.2    8.83
922       1975   141265   1.4    45.9    23.9    43.4    17.1     9.3     8.1    8.94
922       1980   151526   1.6    45.8    24.4    43.5    17.1     9.1     7.9    8.93
922       1985   163255   1.4    40.1    22.7    47.6    18.7    10.9     9.4    9.36
922       1990   172997   0.0    22.8    14.9    63.3    24.9    13.9    12.0    10.52
922       1995   95210    0.0    33.9    22.2    48.6    19.1    17.5    15.1    10.24
922       2000   96348    0.0    31.0    20.3    48.9    19.2    20.1    17.4    10.49
188       1960    9727   27.5    62.0    34.6     8.8     3.5     1.7     1.5    5.08
188       1965   10550   29.0    59.3    29.9     8.9     3.5     2.8     2.4    4.96
188       1970   11159   23.9    56.9    18.5    15.3     6.0     3.9     3.4    5.28
188       1975   11984   22.4    52.9    18.6    19.1     7.5     5.5     4.8    5.79
188       1980   13145   15.8    53.9    19.4    23.4     9.2     6.8     5.9    6.53
188       1985   13948   14.0    50.2    18.3    27.0    10.6     8.8     7.6    7.03
188       1990   14814   12.4    46.2    16.9    31.4    12.4    10.0     8.6    7.48
