     .         1986    1987    1988    1989    1990    1991    1992    1993    1994    1995    1996    1997    1998    1999    2000    2001    2002
    512           .       .       .       .       .       .       .       .        .        .        .        .       .        .       .       .       .
    914           .       .       .       .       .     114      49      77      101      100       97       97     115      130     139     145     144
    612         189     167     138     118     100      60      61      75       65       54       56       62      65       60      58      60      55
    311         106     102     102     103     100     102     101     107       98       95       96       97      99      100     102     106     105
    213          91      85      78      68     100     137     156     174      173      164      164      173     178      180     185     188      80
    911           .       .       .       .       .       .       .      64       55      100      121      106     114      122     116     105      96
    193          87      87      96     103     100      99      90      84       87       85       94       93      83       84      81      78      82
    122          98     100     100      98     100     102     103     106      107      111      109      105     105      103     100     101     102
    912           .       .       .       .       .       .       .      71       78      100      105      110     116      122     112     103      94
    313         105     103     101     103     100     104     106     109      105      101      102      104     106      108     111     114     114
    419         136     118     108     109     100      97      93      97       94       89       89       96      98       95      98     100      98
    513         104     100     100     107     100      99      93      92       92       93       92       97     105      103     101      99      97
    316         114     107     104     107     100     103     105     109      106      102      104      112     109      111     115     118     115
    913           .       .       .       .       .       .       .      42       53      100      102       83      96       97     100      65      67
    124          97     100      97      96     100     101     102     102      103      107      105      100     100       98      95      96      97
    339         118     110     108     107     100      99      97     102       98       96      101      104     104      101     103     105     104
    638         101     100     100      98     100      97     103     100       67       78       80       78      84       80      77      80      83
    218         139     132     126     121     100     104     103     102       97       94       99      103     108      112     111     111     109
    616          98      98      95      96     100     105     112     119      117      113      102      103     107      107     102      89      68
    963           .       .       .       .       .       .       .       .        .      100       80       81      82       85      89      86      82
    223          59      61      61      81     100      85      75      79       82       90       95       99      96       64      70      59      54
    918           .       .       .       .       .       .      63      96       87      100       86      103     118      122     125     131     137
    748         109     104     105     100     100      98      97      95       58       62       64       62      65       64      61      63      64
    618         150     128     113     114     100     104      93      92       95      104      110      131     118       98     102      97      82
    622          97     108     106      97     100      96      97      90       58       67       68       65      69       72      64      66      69
    156          89      90      94     101     100     103      95      89       81       78       80       81      77       76      78      77      76
    624          99     101     100      96     100     104     109     103      106      110      107      111     110      116     107     108     111
    626         122     113     104      99     100      93      92      86       54       64       65       63      62       58      57      59      61
    628         110     102     108      99     100     101     100      89       60       67       71       70      72       68      65      71      76
    228         118     108     102     105     100     103     109     112      115      122      126      138     136      129     129     118     111
    924         135     117      97     112     100      89      80      71       77       86       94      100     102       99     102     106     104
    532          94      89      89      95     100     109     116     128      130      127      135      147     159      148     141     143     138
    233         138     122     119     114     100     104     113     119      135      137      146      163     155      141     131     130     124
    632           .       .       .       .       .       .       .     114       94      100      100       97     100      102      92      97     100
    636         138     118     122     122     100      98      95     126       96       84       84      103     107      287     235     211      92
    634         100     100     100     100     100     104     101      94       68       73       76       82      84       84      79      79      82
    238         108     103      97     102     100      93      98     102      101      103      104      106     108      106     110     115     112
    662          92     102     105      99     100      97     101     100       62       71       71       70      75       73      69      71      74
    423         112     106     105     102     100     101     103     104      107      108      108      108     111      107     104     106     108
    935           .       .       .       .      80      76      79      92       97      100      107      107     116      115     115     121     134
    128          94      98      98      96     100      98      99      99       99      103      102       99     101      100      96      98     100
    611           .       .       .       .     100     104     101     109      111      105      110      121     128      127     135     142     137
    321         111     107     101     105     100     102     103     106      102       96       97      103     108      107     109     113     110
    243         118     101      85     101     100     101     102     106      111      114      117      122     122      120     127     135     128
    248         167     128      96     111     100     107     107     125      134      132      131      141     142      106      96     135     150
    469         139     130      97     103     100      98     103     118      122      121      130      143     150      154     163     149     128
    253          89     100     114     112     100     104     105     118      126      132      142      149     153      155     159     165     163
    642         124     107     102     100     100      93      89      94       67       79       80       78      84       81      80      86      92
    939           .       .       .       .       .       .      60      75       86      100      108      110     124      138     131     132     134
    644         119     101     102     109     100     134     118      60       53       53       49       50      48       47      49      44      43
    819         137     117     100     100     100     103     104     108      107      105      107      112      93       93      91      92      93
    172          88      90      92      97     100      97      84      71       76       83       79       77      77       75      72      74      75
    132         100     101      99      97     100      98     100     101      101      103      103       99      99       96      91      92      93
    646         107     105      91      92     100      85      77      74       50       55       55       54      56       53      50      50      51
    648          95     100     109     105     100      96      98     106       99       96       95       99      97       95      91      80      66
    134          99     102      99      97     100      90      95      99       99      103      100       95      96       92      87      87      89
    652         145     111     107     100     100     103      91      80       64       74       81       85      92       93      60      60      60
    174          90      92      94      95     100     103     106     107      108      112      117      118     115      115     108     109     112
    328         118     106     103     108     100     100      99     104      104      101      102      104     106      106     110     115     113
    258         147     141     130     125     100     117     118     123      126      128      136      154     158      144     146     154     159
    656          96      94     105     107     100     104      96     100       98       92       94       94      90       85      76      74      72
    654         200     143      98     108     100      92      75      81       72       67       70       79      84       80      81      83      85
    336         784     403     177     141     100      86      94     103      102      104      112      118     119      107     113     116     116
    263         127     111     105     104     100     105      96      89      103      120      134      153     172      183     185     192     172
    268         168     158     158     166     100      92      91      86       77       83       83       93     104      109     117     124     123
    944         103      93      95      96     100     112     122     133      131      126      130      136     135      137     138     150     166
    176          98     106     111     101     100     103     104      96       90       90       90       92      95       96      99      87      93
    534         146     132     123     111     100      86      73      72       75       72       70       75      72       71      75      77      74
    536         143     105     102     103     100      99      97     101      101       97      102       96      47       68      66      63      77
    429         116     122     140     148     100      91      50      38       32       26       32       39      43       35      39      46      50
    433           .       .       .       .       .       .       .       .        .        .        .        .       .        .       .       .       .
    178         103     101      98      96     100      98     101      93       94       94       96       96      91       89      86      89      93
    436          95      92     101     102     100     103     100      99      100      101      107      114     111      106     115     115     103
    136          92      94      93      96     100     102     101      85       83       77       86       87      87       85      82      83      85
    343         104     103     105     112     100      90      78      88       87       93      110      127     135      133     131     132     132
    158         109     115     123     113     100     108     111     131      138      140      118      112     110      125     133     119     111
    439         169     152     138     112     100     104     103     107      107       99      104      112     117      118     124     130     128
    916           .       .       .       .       .       .       .      82       73      100      110      116     132      119     107     105     102
    664         126     116     112     110     100      99     102      89      112      112      109      125     131      121     129     136     133
    542          82      81      91     104     100     101      95      94       95       96       99       93      69       78      85      80      84
    443         125     114     106     105     100     109     105     105      104       98      102      107     110      111     116     122     121
    917           .       .       .       .       .       .       .      93       95      100       96       83      81       71      65      69      75
    544           .      89      89      95     100     110     112     118      119      116      116      122      93       98     109     111     106
    941           .       .       .       .       .       .      58      87       98      100       98      105     115      139     143     137     132
    446           .       .       .       .      61      69      71      90       96      100      112      132     143      146     155     158     153
    666         106     103     102     102     100     108     117     116      110      110      100      103      94       92      88      77      67
    668           .       .       .       .       .       .       .       .        .        .        .        .       .        .       .       .       .
    672           .       .       .       .       .       .       .       .        .      100       99      104     109      113     107      86      34
    946           .       .       .       .       .       .       .      90       98      100      103      116     133      168     171     163     166
    137          99      99      98      98     100     102     103     103      104      106      104      102     101      101     101     101     102
    674         168     114     101      96     100      88      92     102       90       81      104       93      94       91     100     111     120
    676          96      89      95     101     100     104      96      98       70       61       84       93      67       68      68      71      70
    548         124     117     107     105     100      98     104     106      101      102      106      105      83       86      88      93      93
    556           .       .       .       .       .       .       .       .        .        .        .        .       .        .       .       .       .
    678         119      98     102      98     100      97      91      89       55       62       64       60      63       61      56      58      61
    181         112     108     107     104     100      99      96      91       92       94       93       95      97       98      99     101     101
    682         121     114     105     103     100     102     101      82       80       74       73       75      67       63      61      61      57
    684         108      98      97      98     100      99      98      98       99       97       94      100      96       98     104     102     102
    273          80      73      91      98     100     110     119     128      124       83       93      110     112      122     134     145     145
    921           .       .       .       .       .       .       .      73      116      100       98      106     107      100     110     107     100
    686         111     107     106     106     100     103     104     107      110      114      115      116     118      120     123     118     118
    688         380     148      96      99     100      85      65      64       62       59       68       74      76       73      72      60      59
    518          51      62      70      85     100     129     155     204      242      289      324      417     654      761     750     901    1416
    558         115     114     110     106     100      91      89      85       85       80       81       90      92       94      96      96      92
    138         103     104     102      98     100     101     103     104      105      109      108      103     104      103      99     102     105
    353         103     104     100     104     100     101      97      99       98       94       97      102     103      101     103     103     101
    196          88     102     109     103     100      96      86      90       96      101      109      112      96       92      84      83      90
    278           .       .      59      33     100     185     213     216      203      186      183      187     193      194     210     217     205
    692         127     116     109     101     100      88      85      83       54       60       63       63      65       60      59      60      62
    694         377     120     121     108     100      86      71      78      145      123      152      174     191       97      99     110     110
    142          97      99     102     101     100      98      98      94       92       95       95       96      93       93      91      95     102
    449         119     106      98     101     100     101      96     100       94       86       88       93      94       92      94      97      93
    564         131     116     114     107     100      99      97      97       95       94       92       95      92       87      88      82      85
    283         129     120     111     107     100      97      94      92       90       87       87       88      89       90      91      90      90
    853         114     113     112     113     100     104     104     109      103       87       94       94      81       74      81      76      71
    288         157     124     133      99     100     113     110     111      116      118      123      129     118      115     114     110      89
    293          38      52      63      71     100      93      97      90       97       97       99      103     102       93      96     101     100
    566         117     108     105     199     100     100     111     111      116      119      130      130     106      115     107     102     102
    964         158     115     105     119     100     159     169     181      183      197      215      220     230      221     240     273     264
    182          91      90      90      94     100     108     117     114      113      116      117      115     115      114     111     114     117
    453         117     105     102     107     100     101      99     100       97       91       99      107     113      114     117     120     118
    968         161     155     153     148     100      94      58      81       86       84       76       89     115       98     107     109     112
    922           .       .       .       .       .       .       .      94       91      100      122      129     114       80      89     105     109
    714         111     111     112     110     100      77      74      82      114       87       81       97     101       95      89      83      77
    862         104     100     100      96     100      92      95      93       99       91       95      102      98       95      92      94      99
    716          53     142      94      95     100     105      79      79       58       37       33       29      28       31      36      36      34
    722         116     110     103      99     100      94      94      91       59       64       65       62      55       54      50      51      53
    718         106     106     107     103     100      88      84      87       88       85       82       85      85       89      93      99     101
    724          77     132     155     134     100     102      93     104      118      107      108      124     106      124     112     124     109
    576          98      92      91      95     100     104     106     107      111      113      117      119     114      107     107     108     106
    936           .       .       .       .      91      90      91      96       97      100      100      105     102      100     109     108     106
    961           .       .       .       .       .       .     105      95       92      100       95       96     100      102     100      99     100
    813         121     105     108     109     100     103     102     103      106      104      111      120     112      115     123     134     111
    726           .       .       .       .       .       .       .       .        .        .        .        .       .        .       .       .       .
    199          91     103      97      97     100     106     109     107      103      100       92       99      89       84      83      73      63
    184          82      85      89      94     100     102     102      91       87       88       90       86      86       85      83      85      87
    524         112     103     102     101     100     105     105     107      107      102      111      120     127      120     120     122     122
    362         113     111     104     106     100     103     104     108      107      105      106      109     112      116     123     124     121
    364         113     108     102     103     100     103     101     108      105      100      105      108     112      112     115     117     114
    732          43      38      44      67     100     178      28      29       33       26       26       34      31       28      32      34      35
    366         129     106     144     117     100     121     116    2331     3148    15326      142      158     190      177     198     166     173
    734          96      98     107      99     100      95      91      93       97      100       98       97      97       97     100     100     100
    144          92      91      94      96     100     106     106      87       86       86       93       89      86       83      82      75      77
    146          97     101      99      93     100     102     100     102      107      114      111      103     104      102     100     103     107
    463         272     369     164      98     100      95      88      95       97       93       89       82      75       76      78      80      75
    923           .       .       .       .       .       .      26      52      103      100      189      190     213      208     186     185     168
    738         342     168     133     116     100     100      88      95       95       98      119      138     146      142     147     146     128
    578         107     101      98     101     100     101     100     101      102      100      107       99      84       88      85      82      84
    742         110     110     104      97     100      96      97      94       62       72       74       76      79       76      71      74      76
    866          94      88      98     101     100     107     108     107      107      103      108      112     107      103     106      97      98
    369         114     106      99      98     100     101     103      93       87       85       86       87      91       93      98     105     107
    744         124     106     104     103     100     104     106     102      103      105      106      105     105      106     105     102     101
    186          85      81      80      88     100     104     101     110       82       89       91       97     105      110     122     100     110
    925           .       .       .       .       .       .       .     217      184      100       33       43      54       82      90      98     105
    746         166     212     193     163     100      74      69      74       91       89       89       96      85       79      75      73      69
    926           .       .       .       .       .       .     135      59       84      100      118      133     130      127     119     119     113
    466         118     108     105     109     100     102     104     111      109      104      109      117     125      126     132     141     140
    112          89      89      96      97     100     104     100      89       90       86       88      104     111      110     114     112     113
    111         119     107     101     104     100      99      97     101       99       96      100      107     115      114     120     129     128
    298         115     111     106     110     100     115     123     147      158      164      166      174     178      184     185     183     144
    927           .       .       .       .       .       .       .     108      119      100      106      112     108      116     170     121      81
    846         110     107     112     105     100     105     102      98       98       95      101      108     107      103     104     107     111
    299         166     119     133     113     100     108     112     118      113      142      120      157     192      216     229     246     189
    582         592    1698     562     116     100      99     106     117      115      123      131      135     146      136     132     133     133
    188           .       .       .       .       .       .       .       .        .        .        .        .       .        .       .       .       .
    754          58      63      95     123     100      94      90     102       98       94       99      118     108      106     107     116     109
    698         132     126     118     113     100      85      77      80       75       79       85       88      65       60      85     126     291
